670.25	0.030
670.59	0.030
670.92	0.035
671.26	0.031
671.59	0.029
671.93	0.035
672.26	0.036
672.60	0.034
672.93	0.036
673.27	0.037
673.60	0.043
673.94	0.039
674.27	0.047
674.61	0.050
674.94	0.072
675.28	0.105
675.61	0.139
675.94	0.180
676.28	0.218
676.61	0.257
676.95	0.297
677.28	0.370
677.62	0.448
677.95	0.519
678.29	0.622
678.62	0.725
678.95	0.830
679.29	0.953
679.62	1.099
679.96	1.259
680.29	1.464
680.62	1.683
680.96	1.904
681.29	2.165
681.63	2.467
681.96	2.791
682.29	3.155
682.63	3.557
682.96	3.998
683.30	4.468
683.63	4.983
683.96	5.537
684.30	6.163
684.63	6.817
684.96	7.522
685.30	8.271
685.63	9.072
685.96	9.909
686.30	10.814
686.63	11.743
686.96	12.732
687.30	13.750
687.63	14.825
687.96	15.911
688.30	17.080
688.63	18.270
688.96	19.500
689.29	20.767
689.63	22.059
689.96	23.391
690.29	24.726
690.62	26.114
690.96	27.550
691.29	28.989
691.62	30.456
691.96	31.876
692.29	33.348
692.62	34.814
692.95	36.276
693.29	37.737
693.62	39.201
693.95	40.673
694.28	42.144
694.61	43.566
694.95	45.012
695.28	46.411
695.61	47.820
695.94	49.175
696.27	50.557
696.61	51.871
696.94	53.181
697.27	54.497
697.60	55.751
697.93	56.999
698.27	58.218
698.60	59.401
698.93	60.564
699.26	61.703
699.59	62.870
699.92	63.972
700.25	65.047
700.59	66.079
700.92	67.050
701.25	68.048
701.58	69.017
701.91	69.948
702.24	70.872
702.57	71.790
702.90	72.699
703.24	73.511
703.57	74.295
703.90	75.074
704.23	75.865
704.56	76.636
704.89	77.357
705.22	78.018
705.55	78.724
705.88	79.377
706.21	79.996
706.54	80.592
706.87	81.184
707.20	81.772
707.54	82.351
707.87	82.916
708.20	83.444
708.53	83.955
708.86	84.467
709.19	84.894
709.52	85.354
709.85	85.779
710.18	86.192
710.51	86.591
710.84	86.979
711.17	87.366
711.50	87.681
711.83	88.021
712.16	88.375
712.49	88.695
712.82	89.069
713.15	89.369
713.48	89.646
713.81	89.934
714.14	90.223
714.47	90.483
714.80	90.717
715.12	90.962
715.45	91.180
715.78	91.399
716.11	91.628
716.44	91.791
716.77	92.016
717.10	92.194
717.43	92.330
717.76	92.478
718.09	92.644
718.42	92.795
718.75	92.981
719.08	93.130
719.40	93.284
719.73	93.391
720.06	93.541
720.39	93.663
720.72	93.836
721.05	94.003
721.38	94.101
721.71	94.182
722.03	94.293
722.36	94.353
722.69	94.488
723.02	94.551
723.35	94.629
723.68	94.638
724.00	94.672
724.33	94.713
724.66	94.761
724.99	94.863
725.32	94.958
725.65	95.000
725.97	95.106
726.30	95.136
726.63	95.195
726.96	95.267
727.29	95.368
727.61	95.428
727.94	95.491
728.27	95.534
728.60	95.571
728.92	95.633
729.25	95.705
729.58	95.729
729.91	95.793
730.23	95.841
730.56	95.865
730.89	95.911
731.22	96.003
731.54	96.056
731.87	96.092
732.20	96.127
732.53	96.157
732.85	96.228
733.18	96.249
733.51	96.267
733.83	96.330
734.16	96.363
734.49	96.415
734.81	96.442
735.14	96.482
735.47	96.537
735.79	96.605
736.12	96.633
736.45	96.635
736.77	96.717
737.10	96.772
737.43	96.783
737.75	96.841
738.08	96.869
738.41	96.913
738.73	96.950
739.06	96.961
739.39	96.982
739.71	97.031
740.04	97.083
740.36	97.097
740.69	97.120
741.02	97.170
741.34	97.210
741.67	97.249
741.99	97.201
742.32	97.206
742.65	97.282
742.97	97.301
743.30	97.329
743.62	97.351
743.95	97.348
744.28	97.332
744.60	97.313
744.93	97.323
745.25	97.298
745.58	97.303
745.90	97.324
746.23	97.282
746.55	97.264
746.88	97.225
747.20	97.174
747.53	97.147
747.85	97.134
748.18	97.104
748.50	97.063
748.83	97.043
749.15	97.067
749.48	97.006
749.80	96.967
750.13	96.963
750.45	96.918
750.78	96.908
751.10	96.890
751.43	96.853
751.75	96.858
752.08	96.862
752.40	96.873
752.73	96.815
753.05	96.755
753.37	96.715
753.70	96.643
754.02	96.624
754.35	96.577
754.67	96.531
755.00	96.513
755.32	96.475
755.64	96.385
755.97	96.319
756.29	96.274
756.62	96.288
756.94	96.253
757.26	96.217
757.59	96.177
757.91	96.142
758.24	96.095
758.56	96.076
758.88	96.009
759.21	95.989
759.53	95.943
759.85	95.926
760.18	95.847
760.50	95.789
760.82	95.773
761.15	95.796
761.47	95.813
761.79	95.851
762.12	95.844
762.44	95.845
762.76	95.854
763.09	95.871
763.41	95.889
763.73	95.972
764.06	96.028
764.38	96.081
764.70	96.115
765.02	96.110
765.35	96.121
765.67	96.129
765.99	96.129
766.32	96.168
766.64	96.242
766.96	96.310
767.28	96.318
767.61	96.381
767.93	96.414
768.25	96.444
768.57	96.538
768.90	96.567
769.22	96.614
769.54	96.694
769.86	96.761
770.18	96.760
770.51	96.761
770.83	96.795
771.15	96.818
771.47	96.888
771.79	96.910
772.12	96.916
772.44	96.949
772.76	96.967
773.08	97.047
773.40	97.058
773.72	97.116
774.05	97.179
774.37	97.246
774.69	97.315
775.01	97.340
775.33	97.349
775.65	97.381
775.97	97.446
776.30	97.503
776.62	97.511
776.94	97.557
777.26	97.608
777.58	97.637
777.90	97.679
778.22	97.658
778.54	97.644
778.87	97.697
779.19	97.726
779.51	97.736
779.83	97.767
780.15	97.757
780.47	97.728
780.79	97.679
781.11	97.677
781.43	97.632
781.75	97.654
782.07	97.645
782.39	97.614
782.71	97.576
783.03	97.562
783.35	97.535
783.67	97.543
783.99	97.530
784.31	97.547
784.64	97.495
784.96	97.434
785.28	97.393
785.60	97.361
785.92	97.340
786.24	97.285
786.56	97.189
786.88	97.117
787.19	97.026
787.51	96.963
787.83	96.919
788.15	96.876
788.47	96.853
788.79	96.805
789.11	96.769
789.43	96.688
789.75	96.634
790.07	96.583
790.39	96.552
790.71	96.468
791.03	96.446
791.35	96.336
791.67	96.225
791.99	96.166
792.31	96.094
792.63	95.988
792.94	95.875
793.26	95.844
793.58	95.785
793.90	95.729
794.22	95.657
794.54	95.587
794.86	95.548
795.18	95.484
795.50	95.426
795.81	95.385
796.13	95.355
796.45	95.329
796.77	95.247
797.09	95.191
797.41	95.099
797.73	95.087
798.04	94.982
798.36	94.900
798.68	94.906
799.00	94.845
799.32	94.723
799.63	94.668
799.95	94.640
800.27	94.634
800.59	94.577
800.91	94.609
801.22	94.612
801.54	94.612
801.86	94.589
802.18	94.549
802.50	94.588
802.81	94.606
803.13	94.604
803.45	94.609
803.77	94.603
804.08	94.666
804.40	94.628
804.72	94.646
805.04	94.733
805.35	94.803
805.67	94.862
805.99	94.927
806.31	94.990
806.62	95.047
806.94	95.076
807.26	95.086
807.57	95.122
807.89	95.266
808.21	95.311
808.52	95.340
808.84	95.421
809.16	95.513
809.48	95.568
809.79	95.683
810.11	95.732
810.43	95.849
810.74	95.925
811.06	96.024
811.37	95.942
811.69	95.987
812.01	96.070
812.32	96.142
812.64	96.176
812.96	96.194
813.27	96.209
813.59	96.282
813.91	96.320
814.22	96.435
814.54	96.454
814.85	96.635
815.17	96.721
815.49	96.777
815.80	96.770
816.12	96.859
816.43	96.839
816.75	96.876
817.06	96.863
817.38	96.916
817.70	96.910
818.01	96.929
818.33	96.890
818.64	96.877
818.96	96.860
819.27	96.888
819.59	96.804
819.90	96.796
820.22	96.763
820.54	96.828
820.85	96.755
821.17	96.666
821.48	96.600
821.80	96.604
822.11	96.541
822.43	96.476
822.74	96.382
823.06	96.281
823.37	96.220
823.69	96.132
824.00	96.019
824.32	95.971
824.63	95.895
824.94	95.836
825.26	95.703
825.57	95.649
825.89	95.565
826.20	95.437
826.52	95.383
826.83	95.310
827.15	95.247
827.46	95.150
827.77	95.013
828.09	94.890
828.40	94.736
828.72	94.541
829.03	94.321
829.35	94.088
829.66	93.856
829.97	93.578
830.29	93.238
830.60	92.810
830.91	92.322
831.23	91.792
831.54	91.191
831.86	90.531
832.17	89.720
832.48	88.780
832.80	87.761
833.11	86.674
833.42	85.432
833.74	84.026
834.05	82.496
834.36	80.806
834.68	78.989
834.99	77.037
835.30	74.906
835.62	72.753
835.93	70.502
836.24	68.076
836.56	65.511
836.87	62.867
837.18	60.153
837.49	57.438
837.81	54.744
838.12	52.014
838.43	49.243
838.75	46.580
839.06	43.907
839.37	41.326
839.68	38.815
840.00	36.454
840.31	34.167
840.62	31.914
840.93	29.841
841.25	27.802
841.56	25.850
841.87	24.020
842.18	22.289
842.50	20.705
842.81	19.175
843.12	17.750
843.43	16.383
843.74	15.153
844.06	14.035
844.37	12.971
844.68	11.989
844.99	11.100
845.30	10.268
845.62	9.521
845.93	8.795
846.24	8.163
846.55	7.595
846.86	7.039
847.17	6.531
847.49	6.095
847.80	5.652
848.11	5.267
848.42	4.886
848.73	4.551
849.04	4.220
849.35	3.983
849.66	3.698
849.98	3.408
850.29	3.189
850.60	3.001
850.91	2.789
851.22	2.611
851.53	2.451
851.84	2.271
852.15	2.089
852.46	1.951
852.77	1.761
853.09	1.675
853.40	1.584
853.71	1.489
854.02	1.385
854.33	1.315
854.64	1.248
854.95	1.194
855.26	1.148
855.57	1.104
855.88	1.069
856.19	1.073
856.50	0.988
856.81	0.904
857.12	0.859
857.43	0.848
857.74	0.749
858.05	0.655
858.36	0.573
858.67	0.543
858.98	0.477
859.29	0.413
859.60	0.319
859.91	0.282
860.22	0.270
860.53	0.232
860.84	0.141
861.15	0.141
861.46	0.143
861.77	0.141
862.08	0.092
862.39	0.113
862.70	0.101
863.01	0.105
863.32	0.096
863.62	0.093
863.93	0.086
864.24	0.100
864.55	0.100
864.86	0.103
