800.27	0.021
800.59	0.016
800.91	0.022
801.22	0.010
801.54	0.011
801.86	0.003
802.18	0.024
802.50	0.010
802.81	0.005
803.13	0.001
803.45	0.015
803.77	0.009
804.08	0.016
804.40	0.012
804.72	0.028
805.04	0.040
805.35	0.049
805.67	0.029
805.99	0.049
806.31	0.048
806.62	0.063
806.94	0.045
807.26	0.043
807.57	0.046
807.89	0.048
808.21	0.045
808.52	0.039
808.84	0.034
809.16	0.028
809.48	0.018
809.79	0.025
810.11	0.003
810.43	0.014
810.74	0.026
811.06	0.030
811.37	0.045
811.69	0.050
812.01	0.049
812.32	0.058
812.64	0.060
812.96	0.098
813.27	0.155
813.59	0.240
813.91	0.299
814.22	0.376
814.54	0.443
814.85	0.491
815.17	0.577
815.49	0.663
815.80	0.744
816.12	0.823
816.43	0.887
816.75	0.922
817.06	0.938
817.38	1.015
817.70	1.039
818.01	1.099
818.33	1.201
818.64	1.290
818.96	1.369
819.27	1.493
819.59	1.636
819.90	1.783
820.22	1.946
820.54	2.121
820.85	2.288
821.17	2.529
821.48	2.733
821.80	2.963
822.11	3.220
822.43	3.515
822.74	3.825
823.06	4.155
823.37	4.530
823.69	4.957
824.00	5.464
824.32	5.971
824.63	6.516
824.94	7.179
825.26	7.865
825.57	8.622
825.89	9.453
826.20	10.298
826.52	11.252
826.83	12.278
827.15	13.396
827.46	14.591
827.77	15.920
828.09	17.329
828.40	18.865
828.72	20.513
829.03	22.273
829.35	24.187
829.66	26.226
829.97	28.380
830.29	30.618
830.60	32.981
830.91	35.473
831.23	38.077
831.54	40.775
831.86	43.518
832.17	46.315
832.48	49.163
832.80	52.008
833.11	54.897
833.42	57.748
833.74	60.580
834.05	63.339
834.36	66.029
834.68	68.576
834.99	71.093
835.30	73.551
835.62	75.819
835.93	77.894
836.24	79.881
836.56	81.731
836.87	83.409
837.18	85.025
837.49	86.387
837.81	87.699
838.12	88.918
838.43	89.979
838.75	90.873
839.06	91.727
839.37	92.489
839.68	93.137
840.00	93.703
840.31	94.217
840.62	94.638
840.93	95.099
841.25	95.446
841.56	95.720
841.87	95.944
842.18	96.096
842.50	96.228
842.81	96.350
843.12	96.437
843.43	96.561
843.74	96.607
844.06	96.668
844.37	96.679
844.68	96.655
844.99	96.700
845.30	96.695
845.62	96.681
845.93	96.601
846.24	96.551
846.55	96.468
846.86	96.302
847.17	96.252
847.49	96.163
847.80	95.992
848.11	95.920
848.42	95.816
848.73	95.721
849.04	95.616
849.35	95.572
849.66	95.436
849.98	95.317
850.29	95.286
850.60	95.249
850.91	95.134
851.22	95.108
851.53	94.960
851.84	94.849
852.15	94.706
852.46	94.620
852.77	94.529
853.09	94.461
853.40	94.422
853.71	94.336
854.02	94.208
854.33	94.159
854.64	94.063
854.95	94.060
855.26	94.043
855.57	94.001
855.88	93.991
856.19	93.925
856.50	93.863
856.81	93.795
857.12	93.785
857.43	93.744
857.74	93.735
858.05	93.728
858.36	93.739
858.67	93.638
858.98	93.634
859.29	93.622
859.60	93.619
859.91	93.614
860.22	93.653
860.53	93.714
860.84	93.811
861.15	93.818
861.46	93.883
861.77	93.931
862.08	94.083
862.39	94.134
862.70	94.208
863.01	94.344
863.32	94.488
863.62	94.574
863.93	94.614
864.24	94.729
864.55	94.840
864.86	94.899
865.17	94.889
865.48	94.873
865.79	95.013
866.10	94.986
866.41	95.037
866.71	95.134
867.02	95.186
867.33	95.261
867.64	95.252
867.95	95.311
868.26	95.414
868.57	95.567
868.88	95.739
869.18	95.765
869.49	95.890
869.80	95.942
870.11	95.987
870.42	96.083
870.73	96.150
871.03	96.180
871.34	96.239
871.65	96.338
871.96	96.351
872.27	96.322
872.57	96.379
872.88	96.464
873.19	96.491
873.50	96.455
873.81	96.396
874.11	96.341
874.42	96.373
874.73	96.318
875.04	96.307
875.34	96.399
875.65	96.429
875.96	96.460
876.27	96.348
876.57	96.371
876.88	96.470
877.19	96.489
877.50	96.502
877.80	96.522
878.11	96.589
878.42	96.478
878.73	96.384
879.03	96.328
879.34	96.233
879.65	96.326
879.95	96.228
880.26	96.215
880.57	96.224
880.87	96.222
881.18	96.201
881.49	96.143
881.79	96.178
882.10	96.146
882.41	96.172
882.71	96.159
883.02	96.074
883.33	96.099
883.63	96.061
883.94	96.081
884.25	96.116
884.55	96.017
884.86	95.961
885.16	95.931
885.47	95.941
885.78	95.955
886.08	95.992
886.39	96.043
886.70	96.010
887.00	95.924
887.31	95.854
887.61	95.783
887.92	95.730
888.22	95.752
888.53	95.752
888.84	95.712
889.14	95.609
889.45	95.500
889.75	95.478
890.06	95.459
890.36	95.492
890.67	95.545
890.97	95.489
891.28	95.573
891.59	95.565
891.89	95.501
892.20	95.465
892.50	95.511
892.81	95.587
893.11	95.529
893.42	95.511
893.72	95.510
894.03	95.525
894.33	95.584
894.64	95.591
894.94	95.603
895.25	95.582
895.55	95.519
895.85	95.513
896.16	95.542
896.46	95.599
896.77	95.613
897.07	95.573
897.38	95.503
897.68	95.492
897.99	95.509
898.29	95.488
898.60	95.574
898.90	95.688
899.20	95.731
899.51	95.687
899.81	95.781
900.12	95.784
900.42	95.738
900.72	95.719
901.03	95.672
901.33	95.704
901.64	95.723
901.94	95.731
902.24	95.701
902.55	95.676
902.85	95.693
903.15	95.667
903.46	95.726
903.76	95.823
904.07	95.923
904.37	96.045
904.67	96.061
904.98	96.093
905.28	96.129
905.58	96.254
905.89	96.298
906.19	96.292
906.49	96.301
906.79	96.294
907.10	96.287
907.40	96.269
907.70	96.242
908.01	96.187
908.31	96.215
908.61	96.217
908.92	96.260
909.22	96.291
909.52	96.424
909.82	96.396
910.13	96.405
910.43	96.500
910.73	96.631
911.03	96.632
911.34	96.592
911.64	96.633
911.94	96.662
912.24	96.544
912.55	96.486
912.85	96.396
913.15	96.380
913.45	96.410
913.75	96.316
914.06	96.243
914.36	96.274
914.66	96.315
914.96	96.241
915.26	96.164
915.57	96.211
915.87	96.277
916.17	96.266
916.47	96.251
916.77	96.251
917.08	96.249
917.38	96.188
917.68	96.088
917.98	96.030
918.28	95.977
918.58	95.890
918.88	95.891
919.19	95.772
919.49	95.690
919.79	95.623
920.09	95.571
920.39	95.512
920.69	95.469
920.99	95.526
921.29	95.570
921.59	95.655
921.90	95.681
922.20	95.547
922.50	95.487
922.80	95.502
923.10	95.452
923.40	95.308
923.70	95.254
924.00	95.199
924.30	95.137
924.60	95.159
924.90	95.009
925.20	94.973
925.50	94.896
925.80	94.988
926.10	94.967
926.40	94.965
926.71	95.066
927.01	95.149
927.31	95.110
927.61	95.060
927.91	95.054
928.21	95.086
928.51	95.124
928.81	95.189
929.11	95.166
929.41	95.140
929.71	95.088
930.00	95.062
930.30	94.909
930.60	94.928
930.90	94.965
931.20	94.780
931.50	94.790
931.80	94.778
932.10	94.814
932.40	94.722
932.70	94.810
933.00	94.884
933.30	94.877
933.60	94.937
933.90	95.043
934.20	94.996
934.50	95.087
934.80	95.039
935.09	95.148
935.39	95.062
935.69	95.066
935.99	94.947
936.29	94.888
936.59	94.807
936.89	94.843
937.19	94.646
937.49	94.631
937.78	94.562
938.08	94.567
938.38	94.491
938.68	94.654
938.98	94.709
939.28	94.729
939.57	94.984
939.87	95.021
940.17	95.107
940.47	95.362
940.77	95.399
941.07	95.477
941.36	95.413
941.66	95.271
941.96	95.257
942.26	95.095
942.56	95.065
942.85	94.718
943.15	94.667
943.45	94.483
943.75	94.126
944.05	94.231
944.34	94.396
944.64	94.536
944.94	94.569
945.24	94.491
945.53	94.667
945.83	94.765
946.13	95.089
946.43	95.335
946.72	95.218
947.02	95.420
947.32	95.211
947.61	95.122
947.91	95.167
948.21	95.241
948.51	95.223
948.80	95.439
949.10	95.446
949.40	95.281
949.69	95.222
949.99	95.491
950.29	95.407
950.58	95.733
950.88	95.787
951.18	95.686
951.47	95.728
951.77	95.613
952.07	95.370
952.36	95.306
952.66	95.414
952.96	95.477
953.25	95.411
953.55	95.404
953.85	95.265
954.14	95.182
954.44	95.197
954.73	95.097
955.03	95.335
955.33	95.513
955.62	95.630
955.92	95.551
956.21	95.433
956.51	95.385
956.81	95.504
957.10	95.552
957.40	95.519
957.69	95.594
957.99	95.722
958.29	95.670
958.58	95.718
958.88	95.642
959.17	95.662
959.47	95.674
959.76	95.685
960.06	95.737
960.35	95.695
960.65	95.793
960.94	95.734
961.24	95.567
961.53	95.412
961.83	95.374
962.12	95.477
962.42	95.565
962.71	95.624
963.01	95.697
963.30	95.614
963.60	95.535
963.89	95.619
964.19	95.698
964.48	95.724
964.78	95.787
965.07	95.807
965.37	95.694
965.66	95.554
965.96	95.624
966.25	95.531
966.55	95.638
966.84	95.563
967.13	95.402
967.43	95.382
967.72	95.420
968.02	95.332
968.31	95.108
968.61	95.086
968.90	95.067
969.19	95.012
969.49	94.900
969.78	94.738
970.08	94.789
970.37	94.844
970.66	94.758
970.96	94.693
971.25	94.890
971.54	94.973
971.84	95.115
972.13	95.199
972.43	95.217
972.72	95.406
973.01	95.438
973.31	95.584
973.60	95.555
973.89	95.611
974.19	95.739
974.48	95.468
974.77	95.551
975.07	95.350
975.36	95.192
975.65	95.120
975.94	95.138
976.24	94.859
976.53	94.747
976.82	94.756
977.12	94.872
977.41	94.856
977.70	95.119
977.99	95.097
978.29	95.234
978.58	95.364
978.87	95.364
979.16	95.304
979.46	95.470
979.75	95.557
980.04	95.492
980.33	95.284
980.63	95.222
980.92	95.093
981.21	94.840
981.50	94.670
981.80	94.651
982.09	94.569
982.38	94.682
982.67	94.665
982.96	94.614
983.26	94.723
983.55	94.788
983.84	94.870
984.13	94.802
984.42	95.004
984.72	94.974
985.01	94.922
985.30	95.009
985.59	94.848
985.88	94.954
986.17	94.829
986.46	94.683
986.76	94.751
987.05	94.709
987.34	94.839
987.63	94.814
987.92	94.878
988.21	94.977
988.50	94.851
988.79	94.904
989.09	94.878
989.38	95.031
989.67	95.090
989.96	95.017
990.25	94.953
990.54	94.853
990.83	94.853
991.12	95.003
991.41	94.866
991.70	95.113
991.99	95.082
992.28	95.141
992.58	95.061
992.87	95.252
993.16	95.212
993.45	95.350
993.74	95.482
994.03	95.457
994.32	95.493
994.61	95.656
994.90	95.660
995.19	95.681
995.48	95.527
995.77	95.570
996.06	95.440
996.35	95.436
996.64	95.332
996.93	95.332
997.22	95.517
997.51	95.505
997.80	95.469
998.09	95.395
998.38	95.453
998.67	95.617
998.96	95.606
999.25	95.642
999.54	95.862
999.83	95.822
