385.09	4.471
385.26	4.471
385.42	4.332
385.58	4.196
385.74	4.196
385.90	4.253
386.06	4.351
386.22	4.389
386.38	4.457
386.54	4.452
386.70	4.482
386.86	4.387
387.03	4.320
387.19	4.399
387.35	4.363
387.51	4.349
387.67	4.453
387.83	4.541
387.99	4.656
388.15	4.773
388.31	4.890
388.47	5.005
388.63	5.282
388.79	5.487
388.95	5.582
389.11	5.845
389.27	6.045
389.44	6.101
389.60	6.181
389.76	6.233
389.92	6.390
390.08	6.449
390.24	6.602
390.40	6.766
390.56	6.998
390.72	7.311
390.88	7.591
391.04	7.858
391.20	8.255
391.36	8.675
391.52	9.048
391.68	9.472
391.84	10.004
392.00	10.542
392.16	11.100
392.32	11.688
392.48	12.336
392.64	12.981
392.80	13.780
392.96	14.524
393.12	15.269
393.28	16.244
393.44	17.250
393.60	18.246
393.76	19.216
393.92	20.331
394.08	21.363
394.24	22.395
394.40	23.598
394.56	24.859
394.72	26.004
394.88	27.111
395.04	28.247
395.20	29.400
395.36	30.490
395.52	31.676
395.68	32.736
395.84	33.853
396.00	34.985
396.16	36.149
396.32	37.310
396.47	38.519
396.63	39.733
396.79	40.863
396.95	41.982
397.11	43.129
397.27	44.242
397.43	45.436
397.59	46.529
397.75	47.710
397.91	48.720
398.07	49.768
398.23	50.823
398.39	51.817
398.55	52.737
398.71	53.730
398.87	54.715
399.02	55.571
399.18	56.519
399.34	57.455
399.50	58.202
399.66	59.111
399.82	60.036
399.98	60.914
400.14	61.714
400.30	62.518
400.46	63.227
400.61	63.888
400.77	64.578
400.93	65.283
401.09	65.834
401.25	66.445
401.41	66.943
401.57	67.425
401.73	67.877
401.89	68.328
402.04	68.685
402.20	69.001
402.36	69.365
402.52	69.722
402.68	70.034
402.84	70.281
403.00	70.559
403.16	70.733
403.31	70.866
403.47	71.091
403.63	71.201
403.79	71.369
403.95	71.547
404.11	71.661
404.26	71.749
404.42	71.812
404.58	71.946
404.74	72.101
404.90	72.241
405.06	72.489
405.22	72.601
405.37	72.800
405.53	73.020
405.69	73.272
405.85	73.563
406.01	73.836
406.16	74.168
406.32	74.403
406.48	74.603
406.64	74.925
406.80	75.256
406.96	75.646
407.11	76.029
407.27	76.349
407.43	76.711
407.59	76.985
407.75	77.294
407.90	77.535
408.06	77.940
408.22	78.254
408.38	78.539
408.53	78.777
408.69	78.927
408.85	79.069
409.01	79.303
409.17	79.350
409.32	79.477
409.48	79.630
409.64	79.726
409.80	79.758
409.95	79.815
410.11	79.715
410.27	79.657
410.43	79.656
410.59	79.608
410.74	79.485
410.90	79.523
411.06	79.379
411.22	79.259
411.37	79.065
411.53	78.912
411.69	78.720
411.85	78.569
412.00	78.466
412.16	78.280
412.32	78.109
412.47	77.907
412.63	77.724
412.79	77.667
412.95	77.587
413.10	77.615
413.26	77.494
413.42	77.438
413.58	77.490
413.73	77.520
413.89	77.633
414.05	77.731
414.20	77.928
414.36	78.012
414.52	78.177
414.68	78.300
414.83	78.494
414.99	78.785
415.15	79.150
415.30	79.455
415.46	79.680
415.62	79.939
415.77	80.257
415.93	80.569
416.09	80.940
416.24	81.248
416.40	81.573
416.56	81.873
416.71	82.210
416.87	82.516
417.03	82.828
417.18	83.196
417.34	83.477
417.50	83.705
417.65	83.899
417.81	83.991
417.97	84.137
418.12	84.200
418.28	84.316
418.44	84.355
418.59	84.319
418.75	84.282
418.91	84.180
419.06	84.181
419.22	84.175
419.38	84.061
419.53	83.973
419.69	83.846
419.84	83.739
420.00	83.558
420.16	83.403
420.31	83.183
420.47	82.982
420.63	82.810
420.78	82.513
420.94	82.200
421.09	82.075
421.25	81.899
421.41	81.695
421.56	81.532
421.72	81.380
421.87	81.241
422.03	81.146
422.19	80.999
422.34	80.902
422.50	80.871
422.65	80.872
422.81	80.786
422.97	80.812
423.12	80.852
423.28	80.887
423.43	80.913
423.59	80.997
423.75	81.107
423.90	81.257
424.06	81.365
424.21	81.512
424.37	81.677
424.52	81.848
424.68	82.023
424.83	82.176
424.99	82.353
425.15	82.571
425.30	82.777
425.46	82.962
425.61	83.188
425.77	83.443
425.92	83.658
426.08	83.957
426.23	84.194
426.39	84.452
426.55	84.764
426.70	85.031
426.86	85.309
427.01	85.496
427.17	85.675
427.32	85.812
427.48	86.032
427.63	86.172
427.79	86.312
427.94	86.458
428.10	86.582
428.25	86.654
428.41	86.719
428.56	86.814
428.72	86.897
428.87	87.000
429.03	87.065
429.18	87.081
429.34	87.100
429.49	87.088
429.65	87.073
429.80	87.052
429.96	87.047
430.11	87.073
430.27	86.980
430.42	86.955
430.58	86.971
430.73	86.946
430.89	86.923
431.04	86.952
431.20	86.960
431.35	86.958
431.51	86.978
431.66	86.932
431.81	86.943
431.97	86.981
432.12	87.009
432.28	86.970
432.43	87.060
432.59	87.102
432.74	87.115
432.90	87.131
433.05	87.172
433.21	87.175
433.36	87.272
433.51	87.324
433.67	87.383
433.82	87.434
433.98	87.528
434.13	87.552
434.29	87.632
434.44	87.725
434.59	87.817
434.75	87.902
434.90	87.998
435.06	88.083
435.21	88.098
435.37	88.118
435.52	88.165
435.67	88.199
435.83	88.228
435.98	88.201
436.14	88.212
436.29	88.197
436.44	88.174
436.60	88.155
436.75	88.147
436.91	88.116
437.06	88.135
437.21	88.085
437.37	88.018
437.52	87.999
437.67	87.921
437.83	87.794
437.98	87.705
438.14	87.630
438.29	87.535
438.44	87.416
438.60	87.369
438.75	87.238
438.90	87.171
439.06	87.119
439.21	86.999
439.37	86.968
439.52	86.952
439.67	86.870
439.83	86.737
439.98	86.658
440.13	86.559
440.29	86.440
440.44	86.361
440.59	86.283
440.75	86.168
440.90	86.079
441.05	86.007
441.21	85.950
441.36	85.891
441.51	85.905
441.67	85.877
441.82	85.894
441.97	85.910
442.13	85.940
442.28	85.939
442.43	85.962
442.58	85.996
442.74	86.014
442.89	86.046
443.04	86.125
443.20	86.180
443.35	86.251
443.50	86.349
443.66	86.417
443.81	86.502
443.96	86.592
444.11	86.719
444.27	86.862
444.42	86.991
444.57	87.141
444.73	87.273
444.88	87.419
445.03	87.549
445.18	87.680
445.34	87.850
445.49	87.967
445.64	88.114
445.80	88.236
445.95	88.337
446.10	88.462
446.25	88.560
446.41	88.709
446.56	88.835
446.71	88.966
446.86	89.071
447.02	89.162
447.17	89.257
447.32	89.366
447.47	89.435
447.63	89.518
447.78	89.558
447.93	89.623
448.08	89.637
448.23	89.672
448.39	89.717
448.54	89.758
448.69	89.818
448.84	89.866
449.00	89.917
449.15	89.909
449.30	89.945
449.45	90.035
449.60	90.047
449.76	90.090
449.91	90.128
450.06	90.139
450.21	90.168
450.36	90.155
450.52	90.159
450.67	90.144
450.82	90.179
450.97	90.211
451.12	90.162
451.28	90.154
451.43	90.160
451.58	90.150
451.73	90.139
451.88	90.108
452.04	90.101
452.19	90.109
452.34	90.082
452.49	90.097
452.64	90.080
452.79	90.124
452.95	90.164
453.10	90.162
453.25	90.169
453.40	90.206
453.55	90.230
453.70	90.247
453.85	90.275
454.01	90.295
454.16	90.308
454.31	90.318
454.46	90.329
454.61	90.375
454.76	90.404
454.91	90.412
455.07	90.438
455.22	90.454
455.37	90.470
455.52	90.487
455.67	90.540
455.82	90.604
455.97	90.648
456.12	90.664
456.28	90.664
456.43	90.658
456.58	90.708
456.73	90.709
456.88	90.710
457.03	90.710
457.18	90.677
457.33	90.653
457.48	90.594
457.63	90.563
457.79	90.504
457.94	90.469
458.09	90.464
458.24	90.430
458.39	90.402
458.54	90.372
458.69	90.335
458.84	90.334
458.99	90.334
459.14	90.316
459.29	90.256
459.44	90.236
459.60	90.192
459.75	90.149
459.90	90.084
460.05	90.029
460.20	89.975
460.35	89.932
460.50	89.842
460.65	89.747
460.80	89.657
460.95	89.597
461.10	89.593
461.25	89.542
461.40	89.503
461.55	89.479
461.70	89.428
461.85	89.420
462.00	89.450
462.15	89.472
462.30	89.463
462.45	89.518
462.60	89.544
462.75	89.537
462.90	89.550
463.05	89.549
463.20	89.562
463.36	89.629
463.51	89.685
463.66	89.719
463.81	89.765
463.96	89.831
464.11	89.854
464.26	89.910
464.41	89.930
464.56	89.963
464.71	90.034
464.86	90.087
465.00	90.136
465.15	90.160
465.30	90.163
465.45	90.235
465.60	90.263
465.75	90.374
465.90	90.429
466.05	90.506
466.20	90.605
466.35	90.678
466.50	90.788
466.65	90.853
466.80	90.929
466.95	91.025
467.10	91.057
467.25	91.129
467.40	91.158
467.55	91.238
467.70	91.308
467.85	91.359
468.00	91.376
468.15	91.412
468.30	91.454
468.45	91.500
468.60	91.545
468.75	91.602
468.89	91.662
469.04	91.688
469.19	91.713
469.34	91.741
469.49	91.779
469.64	91.833
469.79	91.841
469.94	91.840
470.09	91.803
470.24	91.772
470.39	91.746
470.54	91.737
470.68	91.714
470.83	91.678
470.98	91.642
471.13	91.555
471.28	91.514
471.43	91.466
471.58	91.410
471.73	91.440
471.88	91.413
472.03	91.372
472.17	91.290
472.32	91.252
472.47	91.205
472.62	91.175
472.77	91.171
472.92	91.132
473.07	91.087
473.22	91.100
473.36	91.031
473.51	90.991
473.66	90.965
473.81	90.982
473.96	90.957
474.11	90.944
474.26	90.926
474.40	90.888
474.55	90.859
474.70	90.853
474.85	90.817
475.00	90.813
475.15	90.831
475.29	90.829
475.44	90.812
475.59	90.829
475.74	90.830
475.89	90.811
476.04	90.860
476.18	90.900
476.33	90.922
476.48	90.935
476.63	90.967
476.78	90.946
476.93	90.948
477.07	91.002
477.22	91.014
477.37	91.040
477.52	91.137
477.67	91.168
477.81	91.192
477.96	91.211
478.11	91.244
478.26	91.258
478.41	91.339
478.55	91.446
478.70	91.459
478.85	91.529
479.00	91.589
479.15	91.618
479.29	91.704
479.44	91.786
479.59	91.886
479.74	91.963
479.88	92.060
480.03	92.109
480.18	92.145
480.33	92.219
480.47	92.294
480.62	92.389
480.77	92.434
480.92	92.438
481.06	92.459
481.21	92.491
481.36	92.555
481.51	92.596
481.65	92.701
481.80	92.736
481.95	92.775
482.10	92.793
482.24	92.776
482.39	92.781
482.54	92.843
482.69	92.896
482.83	92.936
482.98	92.933
483.13	92.943
483.28	92.921
483.42	92.960
483.57	92.980
483.72	93.046
483.86	93.125
484.01	93.184
484.16	93.195
484.31	93.208
484.45	93.227
484.60	93.252
484.75	93.262
484.89	93.284
485.04	93.286
485.19	93.295
485.33	93.249
485.48	93.223
485.63	93.173
485.77	93.135
485.92	93.099
486.07	93.082
486.22	93.093
486.36	93.088
486.51	93.052
486.66	93.028
486.80	93.036
486.95	93.032
487.10	93.011
487.24	93.031
487.39	93.039
487.54	93.028
487.68	92.994
487.83	92.946
487.97	92.920
488.12	92.928
488.27	92.913
488.41	92.855
488.56	92.827
488.71	92.811
488.85	92.783
489.00	92.760
489.15	92.754
489.29	92.726
489.44	92.766
489.58	92.738
489.73	92.720
489.88	92.725
490.02	92.743
490.17	92.724
490.32	92.713
490.46	92.705
490.61	92.702
490.75	92.676
490.90	92.698
491.05	92.675
491.19	92.696
491.34	92.653
491.48	92.612
491.63	92.578
491.78	92.580
491.92	92.551
492.07	92.556
492.21	92.553
492.36	92.581
492.51	92.573
492.65	92.537
492.80	92.525
492.94	92.545
493.09	92.541
493.23	92.573
493.38	92.542
493.53	92.568
493.67	92.560
493.82	92.514
493.96	92.480
494.11	92.491
494.25	92.503
494.40	92.506
494.55	92.502
494.69	92.500
494.84	92.486
494.98	92.514
495.13	92.503
495.27	92.516
495.42	92.567
495.56	92.592
495.71	92.624
495.85	92.608
496.00	92.640
496.14	92.645
496.29	92.665
496.44	92.658
496.58	92.661
496.73	92.662
496.87	92.658
497.02	92.650
497.16	92.653
497.31	92.625
497.45	92.663
497.60	92.639
497.74	92.659
497.89	92.634
498.03	92.685
498.18	92.695
498.32	92.710
498.47	92.708
498.61	92.733
498.76	92.750
498.90	92.736
499.05	92.726
499.19	92.727
499.34	92.727
499.48	92.786
499.63	92.771
499.77	92.798
499.92	92.844
500.06	92.854
500.20	92.856
500.35	92.858
500.49	92.870
500.64	92.899
500.78	92.915
500.93	92.924
501.07	92.895
501.22	92.922
501.36	92.948
501.51	92.934
501.65	92.961
501.79	92.977
501.94	93.004
502.08	93.036
502.23	93.064
502.37	93.088
502.52	93.120
502.66	93.161
502.81	93.143
502.95	93.126
503.09	93.162
503.24	93.194
503.38	93.206
503.53	93.225
503.67	93.196
503.81	93.214
503.96	93.218
504.10	93.237
504.25	93.288
504.39	93.317
504.54	93.322
504.68	93.366
504.82	93.380
504.97	93.439
505.11	93.437
505.25	93.497
505.40	93.483
505.54	93.538
505.69	93.530
505.83	93.516
505.97	93.529
506.12	93.555
506.26	93.529
506.41	93.546
506.55	93.504
506.69	93.524
506.84	93.514
506.98	93.536
507.12	93.523
507.27	93.538
507.41	93.559
507.55	93.577
507.70	93.586
507.84	93.568
507.99	93.581
508.13	93.618
508.27	93.654
508.42	93.712
508.56	93.742
508.70	93.753
508.85	93.752
508.99	93.749
509.13	93.773
509.28	93.793
509.42	93.833
509.56	93.824
509.71	93.830
509.85	93.829
509.99	93.800
510.14	93.749
510.28	93.708
510.42	93.757
510.56	93.768
510.71	93.766
510.85	93.793
510.99	93.784
511.14	93.772
511.28	93.755
511.42	93.763
511.57	93.799
511.71	93.821
511.85	93.887
511.99	93.854
512.14	93.854
512.28	93.844
512.42	93.802
512.57	93.784
512.71	93.777
512.85	93.759
512.99	93.714
513.14	93.646
513.28	93.590
513.42	93.533
513.57	93.487
513.71	93.477
513.85	93.432
513.99	93.354
514.14	93.312
514.28	93.290
514.42	93.283
514.56	93.267
514.71	93.259
514.85	93.234
514.99	93.198
515.13	93.181
515.28	93.084
515.42	93.060
515.56	93.047
515.70	93.008
515.85	92.945
515.99	92.841
516.13	92.777
516.27	92.700
516.41	92.672
516.56	92.623
516.70	92.553
516.84	92.485
516.98	92.374
517.13	92.314
517.27	92.237
517.41	92.160
517.55	92.089
517.69	92.020
517.84	91.969
517.98	91.888
518.12	91.805
518.26	91.717
518.40	91.669
518.55	91.620
518.69	91.552
518.83	91.503
518.97	91.448
519.11	91.388
519.25	91.309
519.40	91.240
519.54	91.181
519.68	91.099
519.82	91.049
519.96	90.998
520.10	90.930
520.25	90.877
520.39	90.817
520.53	90.760
520.67	90.750
520.81	90.699
520.95	90.656
521.10	90.611
521.24	90.614
521.38	90.592
521.52	90.580
521.66	90.563
521.80	90.544
521.94	90.536
522.09	90.571
522.23	90.550
522.37	90.548
522.51	90.494
522.65	90.459
522.79	90.413
522.93	90.367
523.07	90.362
523.22	90.351
523.36	90.304
523.50	90.246
523.64	90.187
523.78	90.169
523.92	90.165
524.06	90.187
524.20	90.235
524.34	90.264
524.49	90.301
524.63	90.284
524.77	90.326
524.91	90.400
525.05	90.470
525.19	90.529
525.33	90.573
525.47	90.603
525.61	90.640
525.75	90.665
525.89	90.724
526.03	90.797
526.18	90.872
526.32	90.870
526.46	90.855
526.60	90.858
526.74	90.859
526.88	90.908
527.02	90.881
527.16	90.931
527.30	90.972
527.44	90.958
527.58	90.962
527.72	90.976
527.86	91.034
528.00	91.095
528.14	91.136
528.28	91.187
528.42	91.224
528.56	91.247
528.71	91.238
528.85	91.253
528.99	91.318
529.13	91.340
529.27	91.377
529.41	91.415
529.55	91.481
529.69	91.454
529.83	91.436
529.97	91.373
530.11	91.451
530.25	91.465
530.39	91.449
530.53	91.450
530.67	91.448
530.81	91.465
530.95	91.464
531.09	91.450
531.23	91.582
531.37	91.583
531.51	91.680
531.65	91.688
531.79	91.741
531.93	91.742
532.07	91.773
532.21	91.782
532.35	91.754
532.49	91.737
532.63	91.721
532.77	91.615
532.91	91.609
533.04	91.509
533.18	91.447
533.32	91.421
533.46	91.424
533.60	91.388
533.74	91.286
533.88	91.245
534.02	91.234
534.16	91.199
534.30	91.174
534.44	91.176
534.58	91.170
534.72	91.232
534.86	91.211
535.00	91.176
535.14	91.124
535.28	91.160
535.42	91.101
535.56	91.081
535.69	91.028
535.83	91.008
535.97	90.967
536.11	90.922
536.25	90.778
536.39	90.675
536.53	90.673
536.67	90.592
536.81	90.457
536.95	90.345
537.09	90.227
537.22	90.103
537.36	89.912
537.50	89.809
537.64	89.746
537.78	89.598
537.92	89.460
538.06	89.234
538.20	89.058
538.34	88.919
538.47	88.740
538.61	88.538
538.75	88.333
538.89	88.220
539.03	87.976
539.17	87.667
539.31	87.416
539.45	87.095
539.58	86.779
539.72	86.464
539.86	86.239
540.00	85.955
540.14	85.599
540.28	85.271
540.42	84.882
540.55	84.470
540.69	84.053
540.83	83.619
540.97	83.211
541.11	82.719
541.25	82.188
541.38	81.589
541.52	80.968
541.66	80.325
541.80	79.681
541.94	78.982
542.08	78.268
542.21	77.509
542.35	76.736
542.49	75.942
542.63	75.224
542.77	74.456
542.91	73.610
543.04	72.792
543.18	71.897
543.32	71.025
543.46	70.134
543.60	69.193
543.73	68.255
543.87	67.358
544.01	66.372
544.15	65.367
544.29	64.274
544.42	63.250
544.56	62.200
544.70	61.158
544.84	59.986
544.97	58.908
545.11	57.795
545.25	56.721
545.39	55.631
545.53	54.604
545.66	53.452
545.80	52.414
545.94	51.295
546.08	50.161
546.21	49.015
546.35	47.933
546.49	46.810
546.63	45.718
546.76	44.663
546.90	43.595
547.04	42.417
547.18	41.338
547.31	40.273
547.45	39.242
547.59	38.206
547.73	37.264
547.86	36.307
548.00	35.355
548.14	34.430
548.28	33.448
548.41	32.490
548.55	31.605
548.69	30.675
548.82	29.759
548.96	28.962
549.10	28.150
549.24	27.324
549.37	26.518
549.51	25.710
549.65	24.899
549.78	24.190
549.92	23.459
550.06	22.763
550.19	22.087
550.33	21.483
550.47	20.776
550.61	20.140
550.74	19.503
550.88	18.923
551.02	18.356
551.15	17.822
551.29	17.246
551.43	16.730
551.56	16.242
551.70	15.678
551.84	15.104
551.97	14.610
552.11	14.165
552.25	13.797
552.38	13.394
552.52	13.022
552.66	12.618
552.79	12.189
552.93	11.788
553.07	11.410
553.20	11.216
553.34	10.930
553.48	10.615
553.61	10.231
553.75	9.835
553.88	9.400
554.02	9.065
554.16	8.765
554.29	8.374
554.43	8.065
554.57	7.791
554.70	7.446
554.84	7.246
554.97	7.061
555.11	6.956
555.25	6.819
555.38	6.747
555.52	6.477
555.66	6.392
555.79	6.347
555.93	6.338
556.06	6.213
556.20	6.126
556.34	5.875
556.47	5.585
556.61	5.233
556.74	5.083
556.88	4.883
557.02	4.834
557.15	4.710
557.29	4.490
557.42	4.171
557.56	3.961
557.69	3.885
557.83	3.887
557.97	3.992
558.10	4.049
558.24	3.915
558.37	3.727
558.51	3.790
558.64	3.684
558.78	3.835
558.92	3.986
559.05	4.161
559.19	4.091
559.32	4.097
559.46	4.017
559.59	3.878
559.73	3.951
559.86	4.260
560.00	4.226
560.13	4.362
560.27	4.383
560.41	4.416
560.54	4.251
560.68	4.287
560.81	4.306
560.95	4.407
561.08	4.700
561.22	4.516
561.35	4.295
561.49	4.238
561.62	3.980
561.76	4.032
561.89	4.057
562.03	4.145
562.16	4.101
562.30	3.959
562.43	3.897
562.57	3.946
562.70	4.010
562.84	4.137
562.97	4.122
563.11	4.228
563.24	4.130
563.38	4.051
563.51	4.007
563.65	4.041
563.78	4.111
563.92	4.189
564.05	4.058
564.19	4.053
564.32	4.033
564.46	4.208
564.59	4.187
564.72	4.170
564.86	4.032
564.99	4.151
565.13	4.008
565.26	3.784
565.40	3.558
565.53	3.548
565.67	3.691
565.80	3.681
565.94	3.574
566.07	3.564
566.20	3.740
566.34	3.854
566.47	4.042
566.61	4.279
566.74	4.723
566.88	5.035
567.01	5.042
567.14	5.074
567.28	5.055
567.41	5.030
567.55	5.226
567.68	5.335
567.82	5.264
567.95	4.912
568.08	4.867
568.22	4.698
568.35	4.517
568.49	4.426
568.62	4.402
568.75	4.762
568.89	4.793
569.02	4.657
569.16	4.345
569.29	4.268
569.42	4.559
569.56	4.819
569.69	4.797
569.82	4.993
569.96	4.842
