535.14	0.197
535.28	0.185
535.42	0.167
535.56	0.144
535.69	0.135
535.83	0.120
535.97	0.137
536.11	0.153
536.25	0.145
536.39	0.151
536.53	0.169
536.67	0.184
536.81	0.195
536.95	0.200
537.09	0.247
537.22	0.253
537.36	0.265
537.50	0.260
537.64	0.260
537.78	0.276
537.92	0.307
538.06	0.317
538.20	0.328
538.34	0.351
538.47	0.397
538.61	0.413
538.75	0.468
538.89	0.482
539.03	0.518
539.17	0.567
539.31	0.600
539.45	0.615
539.58	0.653
539.72	0.690
539.86	0.699
540.00	0.711
540.14	0.725
540.28	0.745
540.42	0.806
540.55	0.832
540.69	0.851
540.83	0.893
540.97	0.939
541.11	0.995
541.25	1.064
541.38	1.163
541.52	1.258
541.66	1.333
541.80	1.423
541.94	1.471
542.08	1.548
542.21	1.657
542.35	1.723
542.49	1.808
542.63	1.855
542.77	1.968
542.91	2.063
543.04	2.173
543.18	2.294
543.32	2.425
543.46	2.599
543.60	2.801
543.73	2.952
543.87	3.147
544.01	3.359
544.15	3.585
544.29	3.777
544.42	3.991
544.56	4.184
544.70	4.424
544.84	4.670
544.97	4.953
545.11	5.198
545.25	5.479
545.39	5.753
545.53	6.047
545.66	6.360
545.80	6.665
545.94	7.000
546.08	7.383
546.21	7.718
546.35	8.048
546.49	8.395
546.63	8.741
546.76	9.145
546.90	9.571
547.04	9.970
547.18	10.387
547.31	10.800
547.45	11.234
547.59	11.680
547.73	12.144
547.86	12.637
548.00	13.117
548.14	13.633
548.28	14.158
548.41	14.661
548.55	15.196
548.69	15.755
548.82	16.326
548.96	16.841
549.10	17.347
549.24	17.850
549.37	18.431
549.51	18.981
549.65	19.569
549.78	20.103
549.92	20.691
550.06	21.276
550.19	21.882
550.33	22.452
550.47	23.079
550.61	23.760
550.74	24.463
550.88	25.076
551.02	25.711
551.15	26.336
551.29	26.968
551.43	27.596
551.56	28.220
551.70	28.877
551.84	29.562
551.97	30.246
552.11	30.887
552.25	31.493
552.38	32.062
552.52	32.689
552.66	33.353
552.79	33.994
552.93	34.669
553.07	35.344
553.20	36.004
553.34	36.634
553.48	37.260
553.61	37.898
553.75	38.551
553.88	39.257
554.02	39.929
554.16	40.542
554.29	41.159
554.43	41.720
554.57	42.347
554.70	42.916
554.84	43.558
554.97	44.173
555.11	44.788
555.25	45.404
555.38	46.045
555.52	46.597
555.66	47.181
555.79	47.778
555.93	48.381
556.06	48.952
556.20	49.532
556.34	50.076
556.47	50.679
556.61	51.218
556.74	51.768
556.88	52.242
557.02	52.762
557.15	53.321
557.29	53.840
557.42	54.383
557.56	54.931
557.69	55.418
557.83	55.920
557.97	56.365
558.10	56.811
558.24	57.375
558.37	57.822
558.51	58.300
558.64	58.694
558.78	59.107
558.92	59.515
559.05	59.961
559.19	60.429
559.32	60.885
559.46	61.307
559.59	61.738
559.73	62.064
559.86	62.464
560.00	62.877
560.13	63.306
560.27	63.862
560.41	64.378
560.54	64.805
560.68	65.235
560.81	65.638
560.95	65.974
561.08	66.419
561.22	66.813
561.35	67.188
561.49	67.644
561.62	68.049
561.76	68.318
561.89	68.510
562.03	68.696
562.16	68.965
562.30	69.210
562.43	69.499
562.57	69.689
562.70	69.977
562.84	70.343
562.97	70.495
563.11	70.671
563.24	70.831
563.38	71.247
563.51	71.588
563.65	71.905
563.78	72.145
563.92	72.480
564.05	72.861
564.19	73.235
564.32	73.526
564.46	73.896
564.59	74.186
564.72	74.585
564.86	74.753
564.99	75.040
565.13	75.335
565.26	75.727
565.40	76.001
565.53	76.240
565.67	76.469
565.80	76.685
565.94	76.974
566.07	77.262
566.20	77.453
566.34	77.882
566.47	78.014
566.61	78.190
566.74	78.188
566.88	78.371
567.01	78.637
567.14	78.863
567.28	79.022
567.41	79.125
567.55	79.364
567.68	79.504
567.82	79.519
567.95	79.756
568.08	79.975
568.22	80.363
568.35	80.720
568.49	80.860
568.62	80.928
568.75	81.256
568.89	81.579
569.02	81.713
569.16	82.020
569.29	82.120
569.42	82.235
569.56	82.311
569.69	82.446
569.82	82.597
569.96	82.818
570.09	83.040
570.23	83.187
570.36	83.373
570.49	83.440
570.63	83.412
570.76	83.600
570.89	83.845
571.03	84.015
571.16	84.045
571.30	83.870
571.43	84.207
571.56	84.445
571.70	84.707
571.83	84.655
571.96	84.744
572.10	84.953
572.23	85.063
572.36	85.213
572.50	85.205
572.63	85.300
572.76	85.440
572.90	85.165
573.03	85.019
573.16	84.870
573.30	84.912
573.43	85.072
573.56	85.295
573.70	85.378
573.83	85.506
573.96	85.860
574.10	86.058
574.23	86.319
574.36	86.683
574.49	86.636
574.63	86.842
574.76	86.898
574.89	87.005
575.03	86.947
575.16	87.182
575.29	87.338
575.43	87.253
575.56	87.419
575.69	87.364
575.82	87.125
575.96	87.280
576.09	87.106
576.22	87.140
576.35	87.328
576.49	87.605
576.62	87.579
576.75	87.569
576.89	87.671
577.02	87.591
577.15	87.942
577.28	88.315
577.42	88.287
577.55	88.479
577.68	88.734
577.81	88.567
577.95	88.351
578.08	88.435
578.21	88.194
578.34	87.976
578.48	88.032
578.61	87.726
578.74	87.725
578.87	87.980
579.01	88.046
579.14	88.091
579.27	88.314
579.40	88.319
579.53	88.220
579.67	88.142
579.80	88.384
579.93	88.391
580.06	88.532
580.20	88.195

600.25	95.804
600.59	95.823
600.93	95.875
601.28	95.932
601.62	96.010
601.97	96.105
602.31	96.179
602.66	96.198
603.00	96.302
603.34	96.374
603.69	96.469
604.03	96.536
604.37	96.615
604.72	96.652
605.06	96.688
605.41	96.686
605.75	96.702
606.09	96.750
606.44	96.815
606.78	96.826
607.12	96.857
607.47	96.849
607.81	96.835
608.15	96.823
608.50	96.838
608.84	96.840
609.18	96.869
609.53	96.869
609.87	96.824
610.21	96.795
610.56	96.758
610.90	96.660
611.24	96.596
611.58	96.535
611.93	96.410
612.27	96.288
612.61	96.182
612.96	96.080
613.30	95.918
613.64	95.764
613.98	95.610
614.33	95.462
614.67	95.320
615.01	95.174
615.35	95.007
615.70	94.875
616.04	94.768
616.38	94.651
616.72	94.511
617.06	94.455
617.41	94.361
617.75	94.295
618.09	94.220
618.43	94.216
618.78	94.168
619.12	94.176
619.46	94.195
619.80	94.183
620.14	94.170
620.48	94.194
620.83	94.245
621.17	94.330
621.51	94.398
621.85	94.489
622.19	94.552
622.53	94.629
622.88	94.723
623.22	94.834
623.56	94.974
623.90	95.119
624.24	95.268
624.58	95.379
624.92	95.566
625.26	95.741
625.61	95.884
625.95	96.059
626.29	96.264
626.63	96.418
626.97	96.585
627.31	96.717
627.65	96.861
627.99	97.011
628.33	97.143
628.67	97.188
629.01	97.252
629.35	97.327
629.70	97.388
630.04	97.426
630.38	97.474
630.72	97.527
631.06	97.607
631.40	97.654
631.74	97.664
632.08	97.694
632.42	97.752
632.76	97.816
633.10	97.863
633.44	97.894
633.78	97.908
634.12	97.940
634.46	97.990
634.80	97.972
635.14	97.993
635.48	98.019
635.82	98.013
636.16	98.025
636.50	98.003
636.84	97.986
637.18	97.983
637.52	98.012
637.86	98.028
638.20	98.001
638.54	98.014
638.87	97.966
639.21	97.973
639.55	97.989
639.89	97.976
640.23	97.960
640.57	97.974
640.91	97.928
641.25	97.911
641.59	97.873
641.93	97.821
642.27	97.758
642.61	97.714
642.94	97.623
643.28	97.541
643.62	97.500
643.96	97.413
644.30	97.305
644.64	97.247
644.98	97.144
645.32	97.052
645.65	96.972
645.99	96.876
646.33	96.801
646.67	96.695
647.01	96.578
647.35	96.471
647.68	96.401
648.02	96.339
648.36	96.249
648.70	96.155
649.04	96.039
649.38	95.946
649.71	95.865
650.05	95.791
650.39	95.705
650.73	95.705
651.06	95.604
651.40	95.548
651.74	95.492
652.08	95.480
652.42	95.468
652.75	95.480
653.09	95.482
653.43	95.545
653.77	95.530
654.10	95.614
654.44	95.609
654.78	95.646
655.12	95.673
655.45	95.705
655.79	95.730
656.13	95.773
656.46	95.838
656.80	95.899
657.14	95.950
657.48	96.035
657.81	96.105
658.15	96.205
658.49	96.290
658.82	96.410
659.16	96.543
659.50	96.669
659.83	96.794
660.17	96.837
660.51	96.963
660.84	97.070
661.18	97.205
661.52	97.300
661.85	97.368
662.19	97.479
662.53	97.502
662.86	97.557
663.20	97.626
663.53	97.685
663.87	97.783
664.21	97.824
664.54	97.844
664.88	97.873
665.21	97.905
665.55	97.951
665.89	97.991
666.22	98.067
666.56	98.095
666.89	98.103
667.23	98.105
667.57	98.081
667.90	98.022
668.24	97.958
668.57	97.852
668.91	97.718
669.24	97.514
669.58	97.323
669.91	97.144
670.25	96.957
670.59	96.779
670.92	96.575
671.26	96.392
671.59	96.141
671.93	95.983
672.26	95.824
672.60	95.652
672.93	95.533
673.27	95.429
673.60	95.284
673.94	95.121
674.27	94.993
674.61	94.954
674.94	94.977
675.28	95.096
675.61	95.218
675.94	95.384
676.28	95.618
676.61	95.858
676.95	96.069
677.28	96.313
677.62	96.597
677.95	96.803
678.29	96.929
678.62	96.971
678.95	96.957
679.29	96.781
679.62	96.482
679.96	96.062
680.29	95.551
680.62	94.859
680.96	94.005
681.29	92.902
681.63	91.682
681.96	90.217
682.29	88.538
682.63	86.634
682.96	84.505
683.30	82.194
683.63	79.655
683.96	76.857
684.30	73.966
684.63	70.883
684.96	67.731
685.30	64.433
685.63	61.070
685.96	57.711
686.30	54.317
686.63	50.994
686.96	47.713
687.30	44.507
687.63	41.427
687.96	38.451
688.30	35.653
688.63	32.989
688.96	30.480
689.29	28.116
689.63	25.922
689.96	23.852
690.29	21.965
690.62	20.202
690.96	18.606
691.29	17.123
691.62	15.768
691.96	14.518
692.29	13.383
692.62	12.343
692.95	11.389
693.29	10.501
693.62	9.700
693.95	8.972
694.28	8.307
694.61	7.688
694.95	7.129
695.28	6.618
695.61	6.151
695.94	5.702
696.27	5.295
696.61	4.937
696.94	4.623
697.27	4.328
697.60	4.048
697.93	3.766
698.27	3.524
698.60	3.294
698.93	3.097
699.26	2.914
699.59	2.747
699.92	2.578
700.25	2.418
700.59	2.272
700.92	2.141
701.25	2.012
701.58	1.904
701.91	1.803
702.24	1.710
702.57	1.619
702.90	1.529
703.24	1.432
703.57	1.356
703.90	1.280
704.23	1.211
704.56	1.140
704.89	1.095
705.22	1.047
705.55	1.001
705.88	0.954
706.21	0.908
706.54	0.849
706.87	0.812
707.20	0.771
707.54	0.730
707.87	0.688
708.20	0.651
708.53	0.609
708.86	0.576
709.19	0.543
709.52	0.511
709.85	0.484
710.18	0.480
710.51	0.465
710.84	0.464
711.17	0.458
711.50	0.459
711.83	0.451
712.16	0.448
712.49	0.444
712.82	0.429
713.15	0.420
713.48	0.414
713.81	0.394
714.14	0.380
714.47	0.364
714.80	0.344
715.12	0.326
715.45	0.310
715.78	0.309
716.11	0.304
716.44	0.307
716.77	0.295
717.10	0.275
717.43	0.274
717.76	0.259
718.09	0.261
718.42	0.248
718.75	0.226
719.08	0.205
719.40	0.173
719.73	0.148
720.06	0.126
720.39	0.113
720.72	0.101
721.05	0.078
721.38	0.070
