3000  -0.000000
3010  0.000000
3020  0.000000
3030  0.000000
3040  0.000000
3050  0.000000
3060  0.000000
3070  -0.000000
3080  -0.000000
3090  -0.000000
3100  -0.000000
3110  0.000000
3120  0.000000
3130  0.000000
3140  0.000000
3150  -0.000000
3160  -0.000000
3170  -0.000000
3180  0.000006
3190  0.000008
3200  0.000019
3210  0.000022
3220  0.000037
3230  0.000068
3240  0.000106
3250  0.000151
3260  0.000221
3270  0.000343
3280  0.000530
3290  0.000865
3300  0.001568
3310  0.002967
3320  0.006011
3330  0.012534
3340  0.025811
3350  0.050472
3360  0.088504
3370  0.136164
3380  0.183182
3390  0.217623
3400  0.234495
3410  0.237036
3420  0.233741
3430  0.232214
3440  0.232246
3450  0.237572
3460  0.256749
3470  0.281744
3480  0.292382
3490  0.284910
3500  0.276279
3510  0.287181
3520  0.303157
3530  0.311773
3540  0.316216
3550  0.322945
3560  0.328394
3570  0.325597
3580  0.314022
3590  0.293757
3600  0.278734
3610  0.288262
3620  0.313822
3630  0.332616
3640  0.341604
3650  0.347043
3660  0.344175
3670  0.335363
3680  0.329061
3690  0.315218
3700  0.285223
3710  0.267562
3720  0.283588
3730  0.303895
3740  0.305517
3750  0.304901
3760  0.304508
3770  0.301623
3780  0.320283
3790  0.357875
3800  0.375918
3810  0.377385
3820  0.394052
3830  0.422586
3840  0.442377
3850  0.453571
3860  0.456610
3870  0.449900
3880  0.437566
3890  0.417904
3900  0.396786
3910  0.392364
3920  0.404094
3930  0.410982
3940  0.407933
3950  0.409480
3960  0.421049
3970  0.433296
3980  0.439656
3990  0.440435
4000  0.438875
4010  0.437686
4020  0.435052
4030  0.427178
4040  0.420810
4050  0.424407
4060  0.434234
4070  0.433620
4080  0.416780
4090  0.390253
4100  0.357239
4110  0.313140
4120  0.258431
4130  0.203030
4140  0.154310
4150  0.114851
4160  0.084441
4170  0.062144
4180  0.046005
4190  0.034232
4200  0.025661
4210  0.019361
4220  0.014772
4230  0.011282
4240  0.008648
4250  0.006685
4260  0.005211
4270  0.004101
4280  0.003301
4290  0.002683
4300  0.002313
4310  0.001940
4320  0.001693
4330  0.001507
4340  0.001382
4350  0.001258
4360  0.001133
4370  0.000945
4380  0.000820
4390  0.000694
4400  0.000631
4410  0.000506
4420  0.000443
4430  0.000444
4440  0.000381
4450  0.000318
4460  0.000318
4470  0.000255
4480  0.000255
4490  0.000192
4500  0.000128
4510  0.000128
4520  0.000064
4530  0.000064
4540  0.000064
4550  0.000000
4560  0.000000
4570  0.000000
4580  0.000000
4590  0.000000
4600  0.000000
4610  0.000000
4620  0.000000
4630  0.000000
4640  0.000000
4650  0.000000
4660  0.000000
4670  0.000000
4680  0.000000
4690  0.000000
4700  0.000000
4710  0.000000
4720  0.000000
4730  0.000000
4740  0.000000
4750  0.000000
4760  0.000000
4770  0.000000
4780  0.000000
4790  0.000000
4800  0.000000
4810  0.000000
4820  0.000000
4830  0.000000
4840  0.000000
4850  0.000000
4860  0.000000
4870  0.000000
4880  0.000000
4890  0.000000
4900  0.000000
4910  0.000000
4920  0.000000
4930  0.000066
4940  0.000066
4950  0.000066
4960  0.000132
4970  0.000199
4980  0.000265
4990  0.000397
5000  0.000596
5010  0.000925
5020  0.001254
5030  0.001647
5040  0.002105
5050  0.002496
5060  0.002819
5070  0.003010
5080  0.003136
5090  0.003133
5100  0.002934
5110  0.002476
5120  0.001758
5130  0.001106
5140  0.000585
5150  0.000325
5160  0.000195
5170  0.000130
5180  0.000065
5190  0.000065
5200  0.000000
5210  0.000000
5220  0.000000
5230  0.000000
5240  0.000000
5250  -0.000000
5260  -0.000000
5270  -0.000000
5280  -0.000000
5290  -0.000000
5300  -0.000000
5310  -0.000000
5320  -0.000000
5330  -0.000000
5340  -0.000000
5350  -0.000000
5360  -0.000000
5370  -0.000000
5380  -0.000000
5390  -0.000000
5400  -0.000000
5410  -0.000000
5420  -0.000000
5430  -0.000000
5440  -0.000000
5450  -0.000000
5460  -0.000000
5470  -0.000000
5480  -0.000000
5490  -0.000000
5500  -0.000000
5510  -0.000000
5520  -0.000000
5530  -0.000000
5540  -0.000000
5550  -0.000000
5560  -0.000000
5570  -0.000000
5580  -0.000000
5590  -0.000000
5600  -0.000000
5610  -0.000000
5620  -0.000000
5630  -0.000000
5640  -0.000000
5650  -0.000000
5660  -0.000000
5670  -0.000000
5680  -0.000000
5690  -0.000000
5700  0.000061
5710  0.000061
5720  0.000060
5730  0.000121
5740  0.000120
5750  0.000180
5760  0.000120
5770  0.000060
5780  -0.000000
5790  -0.000000
5800  -0.000000
5810  -0.000000
5820  -0.000000
5830  -0.000000
5840  -0.000000
5850  -0.000000
5860  -0.000000
5870  -0.000000
5880  -0.000000
5890  -0.000000
5900  -0.000000
5910  -0.000000
5920  -0.000000
5930  -0.000000
5940  -0.000000
5950  -0.000000
5960  -0.000000
5970  -0.000000
5980  -0.000000
5990  -0.000000
6000  -0.000000
6010  -0.000000
6020  -0.000000
6030  -0.000000
6040  -0.000000
6050  -0.000000
6060  -0.000000
6070  -0.000000
6080  0.000058
6090  0.000058
6100  0.000057
6110  0.000057
6120  0.000057
6130  -0.000000
6140  -0.000000
6150  -0.000000
6160  -0.000000
6170  -0.000000
6180  -0.000000
6190  0.000000
6200  0.000000
6210  0.000000
6220  0.000000
6230  0.000000
6240  0.000000
6250  0.000000
6260  0.000000
6270  0.000000
6280  0.000000
6290  0.000000
6300  0.000000
6310  0.000000
6320  0.000000
6330  0.000000
6340  0.000000
6350  0.000000
6360  0.000056
6370  0.000000
6380  0.000000
6390  0.000000
6400  0.000000
6410  0.000000
6420  0.000000
6430  0.000000
6440  0.000000
6450  0.000000
6460  0.000000
6470  0.000000
6480  0.000000
6490  0.000000
6500  0.000000
6510  -0.000000
6520  -0.000000
6530  -0.000000
6540  0.000000
6550  -0.000000
6560  -0.000000
6570  -0.000000
6580  0.000000
6590  0.000000
6600  -0.000000
6610  0.000000
6620  0.000000
6630  0.000000
6640  0.000000
6650  0.000000
6660  0.000000
6670  0.000000
6680  0.000000
6690  0.000000
6700  0.000000
6710  0.000000
6720  0.000000
6730  0.000000
6740  0.000000
6750  0.000000
6760  0.000000
6770  0.000000
6780  0.000000
6790  0.000000
6800  0.000000
6810  0.000000
6820  0.000000
6830  0.000000
6840  0.000000
6850  0.000000
6860  0.000000
6870  0.000000
6880  0.000000
6890  0.000000
6900  0.000000
6910  0.000000
6920  0.000000
6930  0.000000
6940  0.000000
6950  0.000000
6960  0.000000
6970  0.000000
6980  0.000000
6990  0.000000
7000  0.000000
7010  0.000000
7020  0.000000
7030  -0.000000
7040  -0.000000
7050  -0.000000
7060  -0.000000
7070  -0.000000
7080  -0.000000
7090  -0.000000
7100  -0.000000
7110  -0.000000
7120  -0.000000
7130  -0.000000
7140  -0.000000
7150  -0.000000
7160  -0.000000
7170  -0.000000
7180  0.000052
7190  0.000052
7200  -0.000000
7210  -0.000000
7220  0.000052
7230  0.000104
7240  0.000156
7250  0.000104
7260  0.000000
7270  0.000000
7280  0.000000
7290  0.000000
7300  0.000000
7310  0.000000
7320  0.000000
7330  0.000000
7340  0.000000
7350  0.000000
7360  0.000000
7370  0.000000
7380  0.000051
7390  0.000051
7400  0.000051
7410  0.000051
7420  0.000102
7430  0.000051
7440  0.000000
7450  0.000000
7460  0.000000
7470  0.000000
7480  0.000000
7490  0.000000
7500  0.000000
7510  0.000000
7520  -0.000000
7530  0.000000
7540  0.000000
7550  0.000000
7560  0.000049
7570  0.000049
7580  0.000049
7590  0.000048
7600  0.000048
7610  0.000048
7620  0.000096
7630  0.000096
7640  -0.000000
7650  0.000000
7660  -0.000000
7670  -0.000000
7680  -0.000000
7690  -0.000000
7700  -0.000000
7710  -0.000000
7720  -0.000000
7730  -0.000000
7740  -0.000000
7750  -0.000000
7760  -0.000000
7770  0.000046
7780  0.000092
7790  0.000091
7800  0.000045
7810  0.000090
7820  0.000225
7830  0.000314
7840  0.000178
7850  0.000000
7860  -0.000000
7870  -0.000000
7880  -0.000000
7890  -0.000000
7900  -0.000000
7910  -0.000000
7920  -0.000000
7930  -0.000000
7940  -0.000000
7950  -0.000000
7960  -0.000000
7970  -0.000000
7980  -0.000000
7990  -0.000000
8000  0.000041
8010  0.000082
8020  0.000081
8030  0.000040
8040  0.000081
8050  0.000080
8060  0.000080
8070  0.000080
8080  0.000040
8090  0.000040
8100  0.000039
8110  0.000039
8120  0.000039
8130  0.000039
8140  0.000039
8150  0.000038
8160  0.000038
8170  0.000038
8180  0.000038
8190  0.000038
8200  0.000075
8210  0.000074
8220  0.000074
8230  0.000073
8240  0.000073
8250  0.000073
8260  0.000108
8270  0.000108
8280  0.000107
8290  0.000106
8300  0.000105
8310  0.000105
8320  0.000104
8330  0.000103
8340  0.000102
8350  0.000101
8360  0.000100
8370  0.000099
8380  0.000098
8390  0.000098
8400  0.000097
8410  0.000064
8420  0.000064
8430  0.000063
8440  0.000031
8450  0.000031
8460  0.000031
8470  0.000031
8480  0.000031
8490  0.000030
8500  0.000000
8510  0.000000
8520  0.000000
8530  0.000000
8540  0.000000
8550  0.000000
8560  -0.000000
8570  0.000000
8580  0.000000
8590  0.000000
8600  0.000000
8610  0.000000
8620  0.000000
8630  -0.000000
8640  0.000000
8650  -0.000000
8660  0.000000
8670  -0.000000
8680  -0.000000
8690  -0.000000
8700  -0.000000
8710  -0.000000
8720  -0.000000
8730  -0.000000
8740  0.000000
8750  -0.000000
8760  -0.000000
8770  -0.000000
8780  0.000000
8790  -0.000000
8800  0.000000
8810  0.000000
8820  0.000000
8830  0.000000
8840  0.000000
8850  0.000000
8860  0.000000
8870  0.000000
8880  0.000000
8890  0.000000
8900  0.000000
8910  0.000000
8920  0.000000
8930  0.000000
8940  0.000000
8950  0.000000
8960  0.000000
8970  0.000000
8980  0.000000
8990  0.000000
9000  0.000000
9010  0.000000
9020  0.000000
9030  0.000000
9040  0.000000
9050  0.000000
9060  0.000000
9070  0.000000
9080  0.000000
9090  0.000000
9100  0.000000
9110  0.000000
9120  0.000000
9130  0.000000
9140  -0.000000
9150  0.000000
9160  0.000000
9170  -0.000000
9180  -0.000000
9190  0.000016
9200  0.000016
9210  0.000015
9220  0.000015
9230  0.000015
9240  0.000015
9250  0.000029
9260  0.000028
9270  0.000028
9280  0.000041
9290  0.000040
9300  0.000040
9310  0.000052
9320  0.000051
9330  0.000063
9340  0.000062
9350  0.000062
9360  0.000073
9370  0.000072
9380  0.000083
9390  0.000094
9400  0.000104
9410  0.000115
9420  0.000124
9430  0.000145
9440  0.000154
9450  0.000162
9460  0.000171
9470  0.000168
9480  0.000176
9490  0.000173
9500  0.000170
9510  0.000168
9520  0.000155
9530  0.000143
9540  0.000141
9550  0.000129
9560  0.000118
9570  0.000116
9580  0.000105
9590  0.000095
9600  0.000084
9610  0.000083
9620  0.000073
9630  0.000063
9640  0.000054
9650  0.000045
9660  0.000044
9670  0.000036
9680  0.000035
9690  0.000035
9700  0.000027
9710  0.000027
9720  0.000027
9730  0.000026
9740  0.000033
9750  0.000032
9760  0.000032
9770  0.000032
9780  0.000031
9790  0.000031
9800  0.000030
9810  0.000035
9820  0.000034
9830  0.000034
9840  0.000033
9850  0.000032
9860  0.000030
9870  0.000029
9880  0.000029
9890  0.000023
9900  0.000022
9910  0.000022
9920  0.000021
9930  0.000021
9940  0.000020
9950  0.000020
9960  0.000020
9970  0.000019
9980  0.000019
9990  0.000019
