3000  0.000000
3010  0.000000
3020  -0.000000
3030  0.000000
3040  0.000000
3050  -0.000000
3060  0.000000
3070  0.000000
3080  0.000000
3090  -0.000000
3100  -0.000000
3110  -0.000000
3120  -0.000000
3130  0.000000
3140  -0.000000
3150  -0.000000
3160  -0.000000
3170  -0.000000
3180  0.000006
3190  -0.000000
3200  -0.000000
3210  -0.000000
3220  0.000000
3230  -0.000000
3240  -0.000015
3250  -0.000017
3260  0.000000
3270  0.000000
3280  -0.000022
3290  -0.000024
3300  -0.000026
3310  -0.000000
3320  0.000000
3330  0.000000
3340  0.000000
3350  0.000000
3360  0.000000
3370  0.000032
3380  0.000033
3390  0.000034
3400  0.000035
3410  0.000035
3420  0.000036
3430  0.000000
3440  0.000036
3450  0.000037
3460  0.000000
3470  0.000000
3480  -0.000038
3490  -0.000038
3500  0.000000
3510  0.000000
3520  0.000000
3530  0.000000
3540  0.000000
3550  0.000000
3560  0.000000
3570  0.000000
3580  -0.000000
3590  0.000000
3600  0.000000
3610  0.000000
3620  0.000000
3630  0.000000
3640  -0.000000
3650  -0.000000
3660  0.000000
3670  0.000000
3680  -0.000000
3690  0.000000
3700  0.000000
3710  -0.000000
3720  -0.000000
3730  0.000000
3740  -0.000000
3750  -0.000000
3760  -0.000000
3770  -0.000000
3780  -0.000000
3790  -0.000000
3800  -0.000000
3810  -0.000000
3820  -0.000000
3830  -0.000000
3840  -0.000000
3850  -0.000000
3860  -0.000000
3870  -0.000000
3880  -0.000000
3890  -0.000000
3900  -0.000000
3910  0.000000
3920  -0.000000
3930  -0.000000
3940  -0.000000
3950  -0.000000
3960  -0.000000
3970  0.000000
3980  -0.000000
3990  -0.000000
4000  -0.000000
4010  -0.000000
4020  -0.000000
4030  -0.000000
4040  -0.000000
4050  -0.000000
4060  0.000000
4070  -0.000000
4080  0.000000
4090  -0.000000
4100  -0.000000
4110  -0.000000
4120  -0.000000
4130  -0.000000
4140  -0.000000
4150  -0.000000
4160  -0.000000
4170  -0.000000
4180  -0.000000
4190  -0.000000
4200  -0.000000
4210  -0.000000
4220  -0.000000
4230  -0.000000
4240  -0.000000
4250  -0.000000
4260  -0.000000
4270  -0.000000
4280  -0.000000
4290  -0.000000
4300  -0.000000
4310  -0.000000
4320  -0.000000
4330  -0.000000
4340  -0.000000
4350  -0.000000
4360  -0.000000
4370  -0.000000
4380  -0.000000
4390  -0.000000
4400  -0.000000
4410  -0.000000
4420  -0.000000
4430  -0.000000
4440  -0.000000
4450  -0.000000
4460  -0.000000
4470  -0.000000
4480  -0.000000
4490  -0.000000
4500  -0.000000
4510  -0.000000
4520  -0.000000
4530  -0.000000
4540  -0.000000
4550  -0.000000
4560  -0.000000
4570  -0.000000
4580  -0.000000
4590  -0.000000
4600  -0.000000
4610  -0.000000
4620  -0.000000
4630  -0.000000
4640  -0.000000
4650  -0.000000
4660  -0.000000
4670  -0.000000
4680  -0.000000
4690  -0.000000
4700  -0.000000
4710  -0.000000
4720  -0.000000
4730  -0.000000
4740  -0.000000
4750  -0.000000
4760  -0.000000
4770  -0.000000
4780  -0.000000
4790  -0.000000
4800  -0.000000
4810  -0.000000
4820  -0.000000
4830  -0.000000
4840  -0.000000
4850  -0.000000
4860  -0.000000
4870  -0.000000
4880  -0.000000
4890  -0.000000
4900  -0.000000
4910  -0.000000
4920  0.000000
4930  -0.000000
4940  -0.000000
4950  -0.000000
4960  -0.000000
4970  0.000000
4980  0.000000
4990  -0.000000
5000  0.000000
5010  0.000000
5020  0.000000
5030  -0.000000
5040  0.000000
5050  -0.000000
5060  -0.000000
5070  0.000000
5080  -0.000000
5090  0.000000
5100  0.000000
5110  0.000000
5120  0.000000
5130  -0.000000
5140  0.000000
5150  0.000000
5160  -0.000000
5170  0.000000
5180  0.000000
5190  0.000000
5200  0.000000
5210  0.000000
5220  0.000000
5230  0.000000
5240  0.000000
5250  0.000000
5260  0.000000
5270  0.000000
5280  0.000000
5290  0.000000
5300  0.000000
5310  0.000000
5320  0.000000
5330  0.000000
5340  0.000000
5350  0.000000
5360  -0.000000
5370  0.000000
5380  0.000000
5390  0.000000
5400  0.000000
5410  0.000000
5420  0.000000
5430  0.000000
5440  0.000000
5450  0.000000
5460  0.000000
5470  0.000000
5480  -0.000000
5490  -0.000000
5500  -0.000000
5510  -0.000000
5520  0.000000
5530  0.000000
5540  0.000000
5550  -0.000000
5560  -0.000000
5570  -0.000000
5580  -0.000000
5590  -0.000000
5600  -0.000000
5610  -0.000000
5620  -0.000000
5630  -0.000000
5640  -0.000000
5650  -0.000000
5660  -0.000000
5670  -0.000000
5680  -0.000000
5690  0.000000
5700  -0.000000
5710  -0.000000
5720  -0.000000
5730  -0.000000
5740  -0.000000
5750  -0.000000
5760  -0.000000
5770  -0.000000
5780  0.000000
5790  -0.000000
5800  -0.000000
5810  0.000000
5820  0.000000
5830  0.000000
5840  0.000000
5850  0.000000
5860  0.000000
5870  0.000000
5880  0.000000
5890  0.000000
5900  0.000000
5910  0.000000
5920  0.000000
5930  0.000000
5940  0.000000
5950  0.000000
5960  0.000000
5970  0.000000
5980  0.000000
5990  0.000000
6000  0.000000
6010  0.000000
6020  0.000000
6030  0.000000
6040  0.000000
6050  0.000000
6060  0.000000
6070  0.000000
6080  0.000000
6090  0.000000
6100  0.000000
6110  0.000000
6120  0.000000
6130  0.000000
6140  0.000000
6150  0.000000
6160  -0.000000
6170  0.000000
6180  0.000000
6190  0.000000
6200  0.000000
6210  0.000000
6220  -0.000000
6230  0.000000
6240  0.000000
6250  -0.000000
6260  -0.000000
6270  -0.000000
6280  -0.000000
6290  -0.000000
6300  -0.000000
6310  0.000000
6320  0.000000
6330  0.000000
6340  -0.000000
6350  -0.000000
6360  -0.000000
6370  -0.000000
6380  -0.000000
6390  -0.000000
6400  -0.000000
6410  -0.000000
6420  0.000000
6430  0.000000
6440  -0.000000
6450  0.000000
6460  0.000000
6470  0.000000
6480  -0.000000
6490  -0.000000
6500  -0.000000
6510  -0.000000
6520  0.000000
6530  0.000000
6540  0.000000
6550  0.000000
6560  0.000000
6570  0.000000
6580  0.000000
6590  0.000000
6600  0.000000
6610  0.000000
6620  0.000000
6630  0.000000
6640  0.000000
6650  0.000000
6660  0.000000
6670  0.000000
6680  -0.000000
6690  -0.000000
6700  -0.000000
6710  -0.000000
6720  0.000000
6730  0.000000
6740  -0.000000
6750  -0.000000
6760  -0.000000
6770  -0.000000
6780  0.000000
6790  -0.000000
6800  -0.000000
6810  0.000000
6820  0.000000
6830  0.000000
6840  0.000000
6850  0.000000
6860  0.000000
6870  0.000000
6880  -0.000000
6890  0.000000
6900  0.000000
6910  -0.000000
6920  -0.000000
6930  0.000000
6940  0.000000
6950  0.000000
6960  0.000000
6970  0.000000
6980  0.000000
6990  -0.000000
7000  -0.000000
7010  0.000000
7020  0.000000
7030  -0.000000
7040  -0.000000
7050  -0.000000
7060  0.000000
7070  0.000000
7080  0.000000
7090  0.000000
7100  -0.000000
7110  0.000000
7120  0.000000
7130  -0.000000
7140  -0.000000
7150  -0.000000
7160  -0.000000
7170  -0.000000
7180  -0.000000
7190  0.000000
7200  0.000000
7210  0.000000
7220  -0.000000
7230  0.000000
7240  -0.000000
7250  -0.000000
7260  -0.000000
7270  -0.000000
7280  -0.000000
7290  0.000052
7300  0.000052
7310  0.000052
7320  0.000052
7330  0.000052
7340  0.000052
7350  0.000052
7360  0.000051
7370  0.000051
7380  0.000051
7390  0.000051
7400  0.000051
7410  0.000051
7420  0.000051
7430  0.000051
7440  0.000051
7450  0.000051
7460  0.000050
7470  0.000050
7480  0.000050
7490  0.000050
7500  0.000050
7510  0.000050
7520  0.000049
7530  0.000049
7540  0.000049
7550  0.000049
7560  0.000049
7570  0.000049
7580  0.000097
7590  0.000097
7600  0.000097
7610  0.000096
7620  0.000096
7630  0.000096
7640  0.000096
7650  0.000095
7660  0.000142
7670  0.000142
7680  0.000142
7690  0.000141
7700  0.000141
7710  0.000187
7720  0.000186
7730  0.000186
7740  0.000232
7750  0.000231
7760  0.000276
7770  0.000276
7780  0.000320
7790  0.000365
7800  0.000409
7810  0.000407
7820  0.000450
7830  0.000538
7840  0.000580
7850  0.000621
7860  0.000706
7870  0.000791
7880  0.000874
7890  0.000999
7900  0.001123
7910  0.001245
7920  0.001409
7930  0.001613
7940  0.001816
7950  0.002059
7960  0.002340
7970  0.002701
7980  0.003100
7990  0.003579
8000  0.004997
8010  0.005751
8020  0.006625
8030  0.007735
8040  0.009041
8050  0.010501
8060  0.012430
8070  0.014662
8080  0.017236
8090  0.020617
8100  0.024672
8110  0.029191
8120  0.034835
8130  0.041770
8140  0.049353
8150  0.058283
8160  0.069417
8170  0.080996
8180  0.093994
8190  0.109368
8200  0.124996
8210  0.140975
8220  0.159285
8230  0.176586
8240  0.193403
8250  0.210687
8260  0.226777
8270  0.240776
8280  0.254250
8290  0.266039
8300  0.274923
8310  0.282741
8320  0.288771
8330  0.292523
8340  0.295092
8350  0.296630
8360  0.296726
8370  0.296106
8380  0.294928
8390  0.293370
8400  0.291577
8410  0.289800
8420  0.287994
8430  0.286344
8440  0.284825
8450  0.283459
8460  0.282196
8470  0.281159
8480  0.280189
8490  0.279145
8500  0.278148
8510  0.277106
8520  0.275934
8530  0.274674
8540  0.273362
8550  0.271842
8560  0.270195
8570  0.268466
8580  0.266543
8590  0.264539
8600  0.262383
8610  0.260114
8620  0.257781
8630  0.255342
8640  0.252835
8650  0.250388
8660  0.247779
8670  0.245171
8680  0.242536
8690  0.239861
8700  0.237254
8710  0.234697
8720  0.232144
8730  0.229635
8740  0.227208
8750  0.224846
8760  0.222513
8770  0.220273
8780  0.218006
8790  0.215856
8800  0.213694
8810  0.211607
8820  0.209568
8830  0.207593
8840  0.205635
8850  0.203733
8860  0.201841
8870  0.200019
8880  0.198178
8890  0.196399
8900  0.194607
8910  0.192804
8920  0.191039
8930  0.189220
8940  0.187364
8950  0.185515
8960  0.183620
8970  0.181688
8980  0.179674
8990  0.177635
9000  0.175499
9010  0.173316
9020  0.171031
9030  0.168717
9040  0.166353
9050  0.163984
9060  0.161665
9070  0.159435
9080  0.157226
9090  0.155195
9100  0.153256
9110  0.151438
9120  0.149779
9130  0.148180
9140  0.146630
9150  0.145110
9160  0.143610
9170  0.142042
9180  0.140369
9190  0.138584
9200  0.136657
9210  0.134599
9220  0.132417
9230  0.130125
9240  0.127763
9250  0.125390
9260  0.123025
9270  0.120738
9280  0.118491
9290  0.116391
9300  0.114410
9310  0.112578
9320  0.110915
9330  0.109416
9340  0.108037
9350  0.106723
9360  0.105524
9370  0.104352
9380  0.103204
9390  0.102070
9400  0.100932
9410  0.099752
9420  0.098561
9430  0.097358
9440  0.096111
9450  0.094877
9460  0.093649
9470  0.092420
9480  0.091149
9490  0.089930
9500  0.088701
9510  0.087500
9520  0.086304
9530  0.085119
9540  0.083925
9550  0.082745
9560  0.081540
9570  0.080269
9580  0.078984
9590  0.077644
9600  0.076264
9610  0.074837
9620  0.073367
9630  0.071880
9640  0.070403
9650  0.068945
9660  0.067514
9670  0.066167
9680  0.064906
9690  0.063755
9700  0.062739
9710  0.061874
9720  0.061116
9730  0.060476
9740  0.059863
9750  0.059260
9760  0.058636
9770  0.057965
9780  0.057205
9790  0.056327
9800  0.055290
9810  0.054070
9820  0.052705
9830  0.051233
9840  0.049680
9850  0.048083
9860  0.046471
9870  0.044889
9880  0.043357
9890  0.041927
9900  0.040629
9910  0.039478
9920  0.038466
9930  0.037578
9940  0.036786
9950  0.036082
9960  0.035432
9970  0.034825
9980  0.034239
9990  0.033647
