3000  0.000000
3010  0.000000
3020  0.000000
3030  0.000000
3040  0.000000
3050  0.000000
3060  0.000000
3070  0.000000
3080  0.000000
3090  0.000000
3100  0.000000
3110  0.000000
3120  0.000000
3130  0.000000
3140  0.000000
3150  0.000000
3160  0.000000
3170  0.000000
3180  0.000000
3190  0.000000
3200  0.000000
3210  0.000000
3220  0.000000
3230  0.000000
3240  0.000000
3250  0.000000
3260  0.000000
3270  0.000000
3280  -0.000022
3290  0.000000
3300  0.000000
3310  -0.000027
3320  -0.000028
3330  -0.000029
3340  -0.000059
3350  -0.000030
3360  0.000000
3370  -0.000032
3380  -0.000033
3390  -0.000034
3400  -0.000035
3410  -0.000035
3420  -0.000036
3430  -0.000036
3440  -0.000036
3450  -0.000037
3460  -0.000037
3470  0.000000
3480  -0.000038
3490  0.000000
3500  0.000000
3510  0.000000
3520  0.000000
3530  0.000000
3540  0.000000
3550  0.000000
3560  0.000000
3570  0.000000
3580  0.000000
3590  0.000000
3600  0.000000
3610  0.000000
3620  0.000000
3630  0.000000
3640  0.000000
3650  0.000000
3660  0.000000
3670  0.000000
3680  0.000000
3690  0.000000
3700  0.000000
3710  0.000000
3720  0.000000
3730  0.000000
3740  0.000000
3750  0.000000
3760  0.000000
3770  0.000000
3780  0.000000
3790  0.000000
3800  0.000000
3810  0.000000
3820  0.000000
3830  0.000055
3840  0.000055
3850  0.000056
3860  0.000056
3870  0.000056
3880  0.000057
3890  0.000114
3900  0.000115
3910  0.000173
3920  0.000232
3930  0.000233
3940  0.000293
3950  0.000353
3960  0.000413
3970  0.000593
3980  0.000833
3990  0.001255
4000  0.001800
4010  0.002528
4020  0.003321
4030  0.004238
4040  0.005526
4050  0.007974
4060  0.012874
4070  0.021883
4080  0.036425
4090  0.056451
4100  0.080198
4110  0.107573
4120  0.143709
4130  0.195537
4140  0.266311
4150  0.355295
4160  0.447180
4170  0.514884
4180  0.546049
4190  0.552931
4200  0.552016
4210  0.548452
4220  0.538388
4230  0.520651
4240  0.501968
4250  0.492450
4260  0.497926
4270  0.517058
4280  0.542751
4290  0.563917
4300  0.574388
4310  0.573383
4320  0.565840
4330  0.557579
4340  0.552726
4350  0.552754
4360  0.555385
4370  0.558415
4380  0.559547
4390  0.559174
4400  0.559061
4410  0.560544
4420  0.563672
4430  0.567834
4440  0.572184
4450  0.576380
4460  0.580176
4470  0.582644
4480  0.582623
4490  0.579307
4500  0.573773
4510  0.568215
4520  0.565367
4530  0.566593
4540  0.572311
4550  0.580466
4560  0.588258
4570  0.593358
4580  0.595655
4590  0.596117
4600  0.595782
4610  0.595327
4620  0.594706
4630  0.593907
4640  0.592568
4650  0.590723
4660  0.588024
4670  0.584418
4680  0.580860
4690  0.578264
4700  0.576985
4710  0.576356
4720  0.575719
4730  0.575152
4740  0.575983
4750  0.579412
4760  0.585503
4770  0.592752
4780  0.598716
4790  0.601702
4800  0.602373
4810  0.602723
4820  0.604166
4830  0.606782
4840  0.609179
4850  0.609673
4860  0.607873
4870  0.604145
4880  0.599499
4890  0.595003
4900  0.591852
4910  0.590802
4920  0.592149
4930  0.595755
4940  0.599591
4950  0.600747
4960  0.596321
4970  0.585867
4980  0.571434
4990  0.556564
5000  0.544764
5010  0.537863
5020  0.536779
5030  0.539660
5040  0.544582
5050  0.549499
5060  0.553475
5070  0.556010
5080  0.556438
5090  0.554598
5100  0.550643
5110  0.545645
5120  0.540665
5130  0.536868
5140  0.534622
5150  0.533320
5160  0.531419
5170  0.528528
5180  0.525939
5190  0.525643
5200  0.529197
5210  0.536528
5220  0.545838
5230  0.554556
5240  0.559538
5250  0.558392
5260  0.552539
5270  0.544560
5280  0.537526
5290  0.532562
5300  0.529067
5310  0.525590
5320  0.521365
5330  0.516604
5340  0.513564
5350  0.513766
5360  0.518361
5370  0.526488
5380  0.535868
5390  0.542541
5400  0.542799
5410  0.535696
5420  0.523901
5430  0.511191
5440  0.500122
5450  0.490363
5460  0.479384
5470  0.464963
5480  0.447381
5490  0.428743
5500  0.411966
5510  0.399962
5520  0.394871
5530  0.394982
5540  0.394801
5550  0.387982
5560  0.372325
5570  0.350492
5580  0.327985
5590  0.308431
5600  0.289097
5610  0.264432
5620  0.231249
5630  0.192396
5640  0.153800
5650  0.120539
5660  0.094736
5670  0.075642
5680  0.060704
5690  0.047769
5700  0.037339
5710  0.028320
5720  0.021080
5730  0.015733
5740  0.011907
5750  0.009181
5760  0.007245
5770  0.005735
5780  0.004410
5790  0.003330
5800  0.002433
5810  0.001777
5820  0.001302
5830  0.001005
5840  0.000826
5850  0.000708
5860  0.000590
5870  0.000589
5880  0.000530
5890  0.000530
5900  0.000530
5910  0.000530
5920  0.000530
5930  0.000529
5940  0.000470
5950  0.000470
5960  0.000470
5970  0.000411
5980  0.000410
5990  0.000351
6000  0.000292
6010  0.000233
6020  0.000175
6030  0.000116
6040  0.000058
6050  0.000058
6060  0.000058
6070  0.000058
6080  0.000058
6090  -0.000000
6100  -0.000000
6110  -0.000000
6120  -0.000000
6130  -0.000000
6140  -0.000000
6150  -0.000000
6160  -0.000000
6170  -0.000000
6180  -0.000000
6190  -0.000000
6200  -0.000000
6210  0.000057
6220  0.000057
6230  0.000057
6240  0.000057
6250  0.000057
6260  0.000057
6270  0.000114
6280  0.000114
6290  0.000114
6300  0.000057
6310  0.000057
6320  0.000057
6330  -0.000000
6340  -0.000000
6350  -0.000000
6360  -0.000000
6370  -0.000000
6380  -0.000000
6390  -0.000000
6400  -0.000000
6410  -0.000000
6420  -0.000000
6430  -0.000000
6440  -0.000000
6450  -0.000000
6460  -0.000000
6470  -0.000000
6480  -0.000000
6490  -0.000000
6500  -0.000000
6510  -0.000000
6520  -0.000000
6530  -0.000000
6540  -0.000000
6550  -0.000000
6560  -0.000000
6570  -0.000000
6580  0.000055
6590  0.000055
6600  0.000055
6610  0.000055
6620  -0.000000
6630  -0.000000
6640  -0.000000
6650  -0.000000
6660  -0.000000
6670  -0.000000
6680  -0.000000
6690  -0.000000
6700  -0.000000
6710  -0.000000
6720  -0.000000
6730  -0.000000
6740  -0.000000
6750  -0.000000
6760  -0.000000
6770  -0.000000
6780  -0.000000
6790  -0.000000
6800  -0.000000
6810  -0.000000
6820  -0.000000
6830  -0.000000
6840  -0.000000
6850  -0.000000
6860  -0.000000
6870  -0.000000
6880  -0.000000
6890  -0.000000
6900  -0.000000
6910  -0.000000
6920  -0.000000
6930  -0.000000
6940  -0.000000
6950  -0.000000
6960  -0.000000
6970  -0.000000
6980  -0.000000
6990  -0.000000
7000  -0.000000
7010  -0.000000
7020  -0.000000
7030  -0.000000
7040  -0.000000
7050  -0.000000
7060  -0.000000
7070  -0.000000
7080  0.000000
7090  -0.000000
7100  -0.000000
7110  -0.000000
7120  -0.000000
7130  -0.000000
7140  -0.000000
7150  -0.000000
7160  -0.000000
7170  -0.000000
7180  -0.000000
7190  -0.000000
7200  -0.000000
7210  -0.000000
7220  -0.000000
7230  -0.000000
7240  -0.000000
7250  -0.000000
7260  -0.000000
7270  -0.000000
7280  -0.000000
7290  -0.000000
7300  -0.000000
7310  -0.000000
7320  -0.000000
7330  -0.000000
7340  -0.000000
7350  -0.000000
7360  -0.000000
7370  -0.000000
7380  -0.000000
7390  -0.000000
7400  -0.000000
7410  -0.000000
7420  -0.000000
7430  -0.000000
7440  -0.000000
7450  -0.000000
7460  -0.000000
7470  -0.000000
7480  -0.000000
7490  -0.000000
7500  -0.000000
7510  -0.000000
7520  0.000049
7530  0.000049
7540  0.000049
7550  0.000049
7560  0.000049
7570  0.000049
7580  0.000049
7590  0.000048
7600  0.000048
7610  0.000048
7620  0.000048
7630  0.000096
7640  0.000096
7650  0.000095
7660  0.000047
7670  0.000047
7680  0.000047
7690  0.000047
7700  0.000047
7710  0.000047
7720  0.000047
7730  0.000000
7740  0.000000
7750  0.000000
7760  0.000000
7770  0.000000
7780  0.000000
7790  0.000000
7800  0.000000
7810  0.000000
7820  -0.000000
7830  -0.000000
7840  -0.000000
7850  -0.000000
7860  0.000000
7870  0.000000
7880  0.000000
7890  0.000000
7900  0.000000
7910  0.000000
7920  0.000000
7930  0.000000
7940  0.000000
7950  0.000000
7960  0.000000
7970  0.000000
7980  0.000000
7990  0.000000
8000  0.000164
8010  0.000163
8020  0.000163
8030  0.000162
8040  0.000161
8050  0.000161
8060  0.000160
8070  0.000160
8080  0.000159
8090  0.000159
8100  0.000158
8110  0.000196
8120  0.000195
8130  0.000194
8140  0.000193
8150  0.000192
8160  0.000191
8170  0.000190
8180  0.000226
8190  0.000225
8200  0.000224
8210  0.000223
8220  0.000221
8230  0.000220
8240  0.000255
8250  0.000254
8260  0.000252
8270  0.000251
8280  0.000249
8290  0.000248
8300  0.000246
8310  0.000244
8320  0.000242
8330  0.000240
8340  0.000238
8350  0.000270
8360  0.000267
8370  0.000265
8380  0.000263
8390  0.000293
8400  0.000291
8410  0.000288
8420  0.000286
8430  0.000284
8440  0.000314
8450  0.000311
8460  0.000310
8470  0.000308
8480  0.000306
8490  0.000273
8500  0.000272
8510  0.000270
8520  0.000268
8530  0.000236
8540  0.000235
8550  0.000233
8560  0.000231
8570  0.000230
8580  0.000228
8590  0.000226
8600  0.000196
8610  0.000223
8620  0.000193
8630  0.000192
8640  0.000190
8650  0.000189
8660  0.000187
8670  0.000186
8680  0.000184
8690  0.000183
8700  0.000181
8710  0.000180
8720  0.000178
8730  0.000177
8740  0.000175
8750  0.000174
8760  0.000172
8770  0.000147
8780  0.000169
8790  0.000144
8800  0.000166
8810  0.000141
8820  0.000163
8830  0.000162
8840  0.000160
8850  0.000159
8860  0.000157
8870  0.000156
8880  0.000154
8890  0.000152
8900  0.000151
8910  0.000171
8920  0.000169
8930  0.000167
8940  0.000166
8950  0.000184
8960  0.000162
8970  0.000180
8980  0.000158
8990  0.000176
9000  0.000155
9010  0.000153
9020  0.000151
9030  0.000149
9040  0.000147
9050  0.000127
9060  0.000125
9070  0.000124
9080  0.000105
9090  0.000103
9100  0.000085
9110  0.000084
9120  0.000084
9130  0.000083
9140  0.000066
9150  0.000065
9160  0.000081
9170  0.000064
9180  0.000079
9190  0.000063
9200  0.000062
9210  0.000061
9220  0.000060
9230  0.000059
9240  0.000058
9250  0.000057
9260  0.000056
9270  0.000055
9280  0.000055
9290  0.000054
9300  0.000053
9310  0.000052
9320  0.000051
9330  0.000051
9340  0.000050
9350  0.000049
9360  0.000049
9370  0.000048
9380  0.000048
9390  0.000047
9400  0.000046
9410  0.000046
9420  0.000045
9430  0.000045
9440  0.000044
9450  0.000043
9460  0.000043
9470  0.000042
9480  0.000041
9490  0.000041
9500  0.000040
9510  0.000030
9520  0.000039
9530  0.000038
9540  0.000038
9550  0.000037
9560  0.000036
9570  0.000036
9580  0.000035
9590  0.000034
9600  0.000034
9610  0.000033
9620  0.000032
9630  0.000032
9640  0.000031
9650  0.000030
9660  0.000030
9670  0.000029
9680  0.000028
9690  0.000028
9700  0.000027
9710  0.000027
9720  0.000027
9730  0.000026
9740  0.000026
9750  0.000026
9760  0.000025
9770  0.000025
9780  0.000025
9790  0.000025
9800  0.000024
9810  0.000024
9820  0.000023
9830  0.000022
9840  0.000022
9850  0.000021
9860  0.000020
9870  0.000020
9880  0.000019
9890  0.000018
9900  0.000022
9910  0.000017
9920  0.000017
9930  0.000017
9940  0.000016
9950  0.000016
9960  0.000016
9970  0.000015
9980  0.000015
9990  0.000015
