3000  -0.000000
3010  -0.000000
3020  -0.000000
3030  -0.000000
3040  -0.000000
3050  -0.000000
3060  0.000000
3070  -0.000000
3080  -0.000000
3090  -0.000000
3100  -0.000000
3110  -0.000001
3120  -0.000001
3130  0.000000
3140  -0.000002
3150  0.000000
3160  0.000000
3170  0.000000
3180  0.000000
3190  -0.000008
3200  0.000000
3210  -0.000011
3220  -0.000012
3230  -0.000014
3240  -0.000015
3250  0.000000
3260  0.000000
3270  0.000000
3280  -0.000000
3290  -0.000000
3300  -0.000000
3310  -0.000027
3320  -0.000028
3330  -0.000029
3340  -0.000000
3350  -0.000000
3360  -0.000031
3370  -0.000032
3380  -0.000000
3390  -0.000000
3400  -0.000035
3410  -0.000035
3420  -0.000036
3430  0.000287
3440  0.000145
3450  -0.000000
3460  -0.000037
3470  -0.000038
3480  -0.000038
3490  -0.000038
3500  -0.000000
3510  -0.000000
3520  -0.000000
3530  -0.000000
3540  -0.000000
3550  -0.000000
3560  -0.000000
3570  -0.000000
3580  -0.000000
3590  0.000000
3600  -0.000000
3610  -0.000000
3620  -0.000000
3630  0.000000
3640  0.000000
3650  0.000000
3660  0.000000
3670  0.000000
3680  0.000000
3690  0.000000
3700  0.000000
3710  0.000000
3720  0.000000
3730  0.000000
3740  -0.000000
3750  0.000000
3760  0.000000
3770  0.000000
3780  0.000000
3790  0.000000
3800  0.000000
3810  0.000000
3820  0.000000
3830  0.000000
3840  0.000000
3850  0.000000
3860  0.000000
3870  0.000000
3880  0.000000
3890  0.000000
3900  0.000000
3910  0.000000
3920  0.000000
3930  0.000000
3940  0.000000
3950  0.000000
3960  0.000000
3970  0.000000
3980  -0.000000
3990  0.000000
4000  0.000000
4010  0.000000
4020  0.000000
4030  0.000000
4040  0.000000
4050  0.000000
4060  0.000000
4070  0.000000
4080  0.000000
4090  0.000000
4100  0.000000
4110  0.000000
4120  0.000000
4130  0.000000
4140  0.000000
4150  0.000000
4160  0.000000
4170  0.000000
4180  0.000000
4190  0.000000
4200  0.000000
4210  0.000000
4220  0.000000
4230  0.000000
4240  0.000000
4250  0.000000
4260  0.000000
4270  0.000000
4280  0.000000
4290  0.000000
4300  0.000000
4310  0.000000
4320  0.000000
4330  0.000000
4340  0.000000
4350  0.000000
4360  0.000000
4370  0.000000
4380  0.000000
4390  0.000000
4400  0.000000
4410  0.000000
4420  0.000000
4430  0.000000
4440  0.000000
4450  0.000000
4460  0.000000
4470  0.000000
4480  0.000000
4490  0.000000
4500  0.000000
4510  0.000000
4520  0.000000
4530  0.000000
4540  -0.000000
4550  -0.000000
4560  -0.000000
4570  -0.000000
4580  -0.000000
4590  -0.000000
4600  -0.000000
4610  -0.000000
4620  -0.000000
4630  -0.000000
4640  0.000000
4650  -0.000000
4660  -0.000000
4670  -0.000000
4680  -0.000000
4690  -0.000000
4700  -0.000000
4710  -0.000000
4720  -0.000000
4730  -0.000000
4740  -0.000000
4750  -0.000000
4760  -0.000000
4770  -0.000000
4780  -0.000000
4790  -0.000000
4800  -0.000000
4810  -0.000000
4820  -0.000000
4830  -0.000000
4840  -0.000000
4850  -0.000000
4860  -0.000000
4870  -0.000000
4880  -0.000000
4890  -0.000000
4900  -0.000000
4910  0.000000
4920  0.000000
4930  0.000000
4940  0.000000
4950  0.000000
4960  -0.000000
4970  -0.000000
4980  0.000000
4990  -0.000000
5000  0.000000
5010  -0.000000
5020  -0.000000
5030  0.000000
5040  0.000000
5050  0.000000
5060  0.000000
5070  0.000000
5080  -0.000000
5090  -0.000000
5100  -0.000000
5110  -0.000000
5120  -0.000000
5130  -0.000000
5140  -0.000000
5150  -0.000000
5160  -0.000000
5170  -0.000000
5180  -0.000000
5190  -0.000000
5200  -0.000000
5210  -0.000000
5220  -0.000000
5230  -0.000000
5240  -0.000000
5250  -0.000000
5260  -0.000000
5270  -0.000000
5280  -0.000000
5290  -0.000000
5300  -0.000000
5310  -0.000000
5320  -0.000000
5330  -0.000000
5340  -0.000000
5350  -0.000000
5360  -0.000000
5370  -0.000000
5380  -0.000000
5390  -0.000000
5400  -0.000000
5410  -0.000000
5420  -0.000000
5430  -0.000000
5440  -0.000000
5450  -0.000000
5460  -0.000000
5470  -0.000000
5480  -0.000000
5490  -0.000000
5500  -0.000000
5510  -0.000000
5520  -0.000000
5530  -0.000000
5540  -0.000000
5550  -0.000000
5560  -0.000000
5570  -0.000000
5580  -0.000000
5590  -0.000000
5600  -0.000000
5610  -0.000000
5620  -0.000000
5630  -0.000000
5640  -0.000000
5650  -0.000000
5660  -0.000000
5670  -0.000000
5680  -0.000000
5690  -0.000000
5700  -0.000000
5710  -0.000000
5720  -0.000000
5730  -0.000000
5740  -0.000000
5750  -0.000000
5760  -0.000000
5770  -0.000000
5780  -0.000000
5790  -0.000000
5800  -0.000000
5810  -0.000000
5820  -0.000000
5830  -0.000000
5840  -0.000000
5850  -0.000000
5860  -0.000000
5870  -0.000000
5880  -0.000000
5890  -0.000000
5900  -0.000000
5910  -0.000000
5920  -0.000000
5930  -0.000000
5940  -0.000000
5950  -0.000000
5960  -0.000000
5970  -0.000000
5980  -0.000000
5990  -0.000000
6000  -0.000000
6010  -0.000000
6020  -0.000000
6030  -0.000000
6040  -0.000000
6050  -0.000000
6060  -0.000000
6070  -0.000000
6080  -0.000000
6090  -0.000000
6100  -0.000000
6110  -0.000000
6120  -0.000000
6130  -0.000000
6140  -0.000000
6150  -0.000000
6160  -0.000000
6170  -0.000000
6180  -0.000000
6190  -0.000000
6200  -0.000000
6210  -0.000000
6220  -0.000000
6230  -0.000000
6240  -0.000000
6250  -0.000000
6260  -0.000000
6270  -0.000000
6280  -0.000000
6290  -0.000000
6300  0.000057
6310  0.000057
6320  0.000057
6330  0.000057
6340  0.000057
6350  0.000057
6360  0.000056
6370  0.000113
6380  0.000113
6390  0.000112
6400  0.000112
6410  0.000112
6420  0.000168
6430  0.000168
6440  0.000225
6450  0.000225
6460  0.000225
6470  0.000281
6480  0.000337
6490  0.000337
6500  0.000393
6510  0.000448
6520  0.000504
6530  0.000559
6540  0.000614
6550  0.000724
6560  0.000779
6570  0.000889
6580  0.000999
6590  0.001109
6600  0.001274
6610  0.001439
6620  0.001661
6630  0.001882
6640  0.002105
6650  0.002382
6660  0.002772
6670  0.003161
6680  0.003605
6690  0.004103
6700  0.004712
6710  0.005429
6720  0.006257
6730  0.007246
6740  0.008398
6750  0.009765
6760  0.011348
6770  0.013202
6780  0.015435
6790  0.018050
6800  0.021206
6810  0.024849
6820  0.029192
6830  0.034341
6840  0.040409
6850  0.047544
6860  0.055983
6870  0.066032
6880  0.077634
6890  0.090681
6900  0.105551
6910  0.122309
6920  0.140671
6930  0.160738
6940  0.182551
6950  0.205611
6960  0.229269
6970  0.253427
6980  0.278443
6990  0.303222
7000  0.327506
7010  0.350786
7020  0.373299
7030  0.394503
7040  0.414082
7050  0.431479
7060  0.446944
7070  0.460481
7080  0.471948
7090  0.481357
7100  0.488614
7110  0.494028
7120  0.497938
7130  0.500372
7140  0.501842
7150  0.502461
7160  0.502462
7170  0.501917
7180  0.501156
7190  0.500320
7200  0.499263
7210  0.498333
7220  0.497313
7230  0.496446
7240  0.495548
7250  0.494671
7260  0.494066
7270  0.493505
7280  0.493164
7290  0.492704
7300  0.492474
7310  0.492154
7320  0.492091
7330  0.491973
7340  0.491883
7350  0.491643
7360  0.491411
7370  0.490925
7380  0.490366
7390  0.489623
7400  0.488383
7410  0.487127
7420  0.485555
7430  0.484006
7440  0.482343
7450  0.480366
7460  0.478346
7470  0.476185
7480  0.473981
7490  0.471637
7500  0.469422
7510  0.467183
7520  0.465304
7530  0.463377
7540  0.461530
7550  0.459821
7560  0.457959
7570  0.456348
7580  0.454913
7590  0.453540
7600  0.452388
7610  0.451399
7620  0.450592
7630  0.449839
7640  0.449415
7650  0.448856
7660  0.448481
7670  0.448131
7680  0.447788
7690  0.447524
7700  0.447361
7710  0.447157
7720  0.447114
7730  0.446905
7740  0.446671
7750  0.446357
7760  0.446006
7770  0.445059
7780  0.443914
7790  0.442414
7800  0.440774
7810  0.438660
7820  0.436357
7830  0.433923
7840  0.431067
7850  0.427875
7860  0.424665
7870  0.421422
7880  0.417973
7890  0.414428
7900  0.410714
7910  0.407172
7920  0.403754
7930  0.400440
7940  0.397350
7950  0.394446
7960  0.391595
7970  0.389011
7980  0.386716
7990  0.384774
8000  0.383537
8010  0.381878
8020  0.380529
8030  0.379229
8040  0.377983
8050  0.376790
8060  0.375452
8070  0.373857
8080  0.372072
8090  0.369884
8100  0.367205
8110  0.364120
8120  0.360623
8130  0.356487
8140  0.352009
8150  0.347004
8160  0.341427
8170  0.335684
8180  0.329621
8190  0.323189
8200  0.316948
8210  0.310879
8220  0.304444
8230  0.298491
8240  0.292857
8250  0.287324
8260  0.282092
8270  0.277411
8280  0.272953
8290  0.268764
8300  0.264877
8310  0.261265
8320  0.257677
8330  0.254076
8340  0.250177
8350  0.245568
8360  0.240307
8370  0.234024
8380  0.225782
8390  0.216342
8400  0.205488
8410  0.192132
8420  0.177540
8430  0.162335
8440  0.145391
8450  0.128242
8460  0.112637
8470  0.096396
8480  0.081517
8490  0.068792
8500  0.057181
8510  0.046814
8520  0.038662
8530  0.031830
8540  0.025822
8550  0.021294
8560  0.017581
8570  0.014409
8580  0.012021
8590  0.010093
8600  0.008389
8610  0.007072
8620  0.006023
8630  0.005100
8640  0.004353
8650  0.003752
8660  0.003214
8670  0.002763
8680  0.002425
8690  0.002091
8700  0.001841
8710  0.001620
8720  0.001428
8730  0.001239
8740  0.001103
8750  0.000994
8760  0.000887
8770  0.000782
8780  0.000702
8790  0.000648
8800  0.000594
8810  0.000518
8820  0.000466
8830  0.000439
8840  0.000389
8850  0.000363
8860  0.000337
8870  0.000311
8880  0.000286
8890  0.000261
8900  0.000259
8910  0.000235
8920  0.000211
8930  0.000209
8940  0.000186
8950  0.000184
8960  0.000162
8970  0.000160
8980  0.000158
8990  0.000137
9000  0.000135
9010  0.000134
9020  0.000132
9030  0.000112
9040  0.000110
9050  0.000109
9060  0.000107
9070  0.000106
9080  0.000087
9090  0.000086
9100  0.000085
9110  0.000084
9120  0.000084
9130  0.000083
9140  0.000082
9150  0.000081
9160  0.000065
9170  0.000064
9180  0.000063
9190  0.000063
9200  0.000062
9210  0.000061
9220  0.000060
9230  0.000059
9240  0.000058
9250  0.000057
9260  0.000056
9270  0.000055
9280  0.000055
9290  0.000054
9300  0.000053
9310  0.000052
9320  0.000051
9330  0.000051
9340  0.000050
9350  0.000049
9360  0.000049
9370  0.000048
9380  0.000048
9390  0.000047
9400  0.000046
9410  0.000046
9420  0.000045
9430  0.000045
9440  0.000044
9450  0.000032
9460  0.000032
9470  0.000032
9480  0.000031
9490  0.000031
9500  0.000030
9510  0.000030
9520  0.000039
9530  0.000029
9540  0.000038
9550  0.000028
9560  0.000036
9570  0.000027
9580  0.000035
9590  0.000026
9600  0.000025
9610  0.000025
9620  0.000032
9630  0.000024
9640  0.000023
9650  0.000030
9660  0.000022
9670  0.000022
9680  0.000021
9690  0.000021
9700  0.000021
9710  0.000020
9720  0.000020
9730  0.000020
9740  0.000020
9750  0.000019
9760  0.000019
9770  0.000019
9780  0.000019
9790  0.000018
9800  0.000018
9810  0.000018
9820  0.000017
9830  0.000017
9840  0.000016
9850  0.000016
9860  0.000015
9870  0.000015
9880  0.000014
9890  0.000014
9900  0.000013
9910  0.000013
9920  0.000017
9930  0.000012
9940  0.000012
9950  0.000012
9960  0.000012
9970  0.000012
9980  0.000011
9990  0.000011
