3000  -0.000000
3010  -0.000000
3020  0.000000
3030  0.000000
3040  0.000000
3050  -0.000000
3060  -0.000000
3070  0.000000
3080  0.000000
3090  -0.000000
3100  0.000000
3110  -0.000000
3120  -0.000000
3130  -0.000000
3140  -0.000000
3150  -0.000000
3160  -0.000000
3170  -0.000000
3180  -0.000000
3190  -0.000000
3200  -0.000000
3210  -0.000000
3220  -0.000000
3230  -0.000000
3240  -0.000000
3250  -0.000000
3260  -0.000000
3270  -0.000000
3280  -0.000000
3290  -0.000000
3300  0.000026
3310  0.000027
3320  -0.000000
3330  -0.000000
3340  0.000030
3350  -0.000000
3360  0.000031
3370  0.000032
3380  0.000033
3390  -0.000034
3400  0.000069
3410  0.000070
3420  0.000036
3430  0.000036
3440  0.000036
3450  0.000073
3460  0.000037
3470  0.000075
3480  0.000038
3490  0.000000
3500  0.000000
3510  0.000000
3520  0.000000
3530  0.000000
3540  0.000000
3550  0.000000
3560  0.000000
3570  0.000000
3580  0.000000
3590  0.000000
3600  0.000000
3610  0.000000
3620  0.000000
3630  0.000000
3640  0.000000
3650  0.000000
3660  0.000000
3670  0.000000
3680  0.000000
3690  0.000000
3700  -0.000000
3710  0.000000
3720  -0.000000
3730  -0.000000
3740  -0.000000
3750  -0.000000
3760  -0.000000
3770  -0.000000
3780  -0.000000
3790  -0.000000
3800  -0.000000
3810  -0.000000
3820  -0.000000
3830  -0.000000
3840  -0.000000
3850  -0.000000
3860  -0.000000
3870  -0.000000
3880  -0.000000
3890  -0.000000
3900  -0.000000
3910  -0.000000
3920  -0.000000
3930  -0.000000
3940  -0.000000
3950  -0.000000
3960  -0.000000
3970  -0.000000
3980  -0.000000
3990  -0.000000
4000  -0.000000
4010  -0.000000
4020  -0.000000
4030  -0.000000
4040  -0.000000
4050  -0.000000
4060  -0.000000
4070  -0.000000
4080  -0.000000
4090  -0.000000
4100  -0.000000
4110  -0.000000
4120  -0.000000
4130  -0.000000
4140  -0.000000
4150  -0.000000
4160  -0.000000
4170  -0.000000
4180  -0.000000
4190  -0.000000
4200  -0.000000
4210  -0.000000
4220  -0.000000
4230  -0.000000
4240  -0.000000
4250  -0.000000
4260  -0.000000
4270  -0.000000
4280  -0.000000
4290  -0.000000
4300  -0.000000
4310  -0.000000
4320  -0.000000
4330  -0.000000
4340  -0.000000
4350  -0.000000
4360  -0.000000
4370  -0.000000
4380  -0.000000
4390  -0.000000
4400  -0.000000
4410  -0.000000
4420  -0.000000
4430  -0.000000
4440  -0.000000
4450  -0.000000
4460  -0.000000
4470  -0.000000
4480  -0.000000
4490  -0.000000
4500  -0.000000
4510  -0.000000
4520  -0.000000
4530  -0.000000
4540  -0.000000
4550  -0.000000
4560  -0.000000
4570  -0.000000
4580  -0.000000
4590  -0.000000
4600  -0.000000
4610  -0.000000
4620  -0.000000
4630  -0.000000
4640  -0.000000
4650  -0.000000
4660  -0.000000
4670  -0.000000
4680  -0.000000
4690  -0.000000
4700  -0.000000
4710  -0.000000
4720  -0.000000
4730  -0.000000
4740  -0.000000
4750  -0.000000
4760  -0.000000
4770  -0.000000
4780  -0.000000
4790  -0.000000
4800  -0.000000
4810  -0.000000
4820  -0.000000
4830  -0.000000
4840  -0.000000
4850  -0.000000
4860  -0.000000
4870  -0.000000
4880  -0.000000
4890  -0.000000
4900  -0.000000
4910  -0.000000
4920  -0.000000
4930  -0.000000
4940  -0.000000
4950  -0.000000
4960  -0.000000
4970  -0.000000
4980  -0.000000
4990  -0.000000
5000  -0.000000
5010  -0.000000
5020  0.000066
5030  0.000066
5040  0.000066
5050  0.000066
5060  0.000066
5070  0.000065
5080  0.000065
5090  0.000065
5100  0.000065
5110  0.000065
5120  0.000065
5130  0.000130
5140  0.000130
5150  0.000130
5160  0.000130
5170  0.000195
5180  0.000195
5190  0.000195
5200  0.000259
5210  0.000259
5220  0.000323
5230  0.000387
5240  0.000451
5250  0.000514
5260  0.000577
5270  0.000640
5280  0.000766
5290  0.000892
5300  0.001018
5310  0.001207
5320  0.001396
5330  0.001648
5340  0.001963
5350  0.002342
5360  0.002783
5370  0.003288
5380  0.003981
5390  0.004799
5400  0.005743
5410  0.007000
5420  0.008448
5430  0.010272
5440  0.012472
5450  0.015172
5460  0.018559
5470  0.022689
5480  0.027746
5490  0.033974
5500  0.041428
5510  0.050331
5520  0.060879
5530  0.073290
5540  0.087568
5550  0.103553
5560  0.121743
5570  0.141822
5580  0.163286
5590  0.185353
5600  0.208194
5610  0.231371
5620  0.254753
5630  0.278074
5640  0.301507
5650  0.324665
5660  0.347305
5670  0.368787
5680  0.389322
5690  0.408619
5700  0.424613
5710  0.438651
5720  0.449864
5730  0.458183
5740  0.463290
5750  0.465342
5760  0.464494
5770  0.461079
5780  0.455577
5790  0.448669
5800  0.441850
5810  0.435435
5820  0.430282
5830  0.426801
5840  0.425233
5850  0.425490
5860  0.427400
5870  0.430582
5880  0.434372
5890  0.438286
5900  0.441735
5910  0.444482
5920  0.446561
5930  0.447927
5940  0.449079
5950  0.450131
5960  0.451611
5970  0.453643
5980  0.456698
5990  0.460523
6000  0.465060
6010  0.470624
6020  0.476662
6030  0.482828
6040  0.489045
6050  0.495038
6060  0.500823
6070  0.506352
6080  0.511207
6090  0.515337
6100  0.518570
6110  0.521209
6120  0.523312
6130  0.524713
6140  0.525679
6150  0.526202
6160  0.527006
6170  0.527815
6180  0.529231
6190  0.530880
6200  0.532911
6210  0.535254
6220  0.537614
6230  0.539823
6240  0.541651
6250  0.542983
6260  0.543780
6270  0.544158
6280  0.543919
6290  0.543431
6300  0.542814
6310  0.542023
6320  0.540955
6330  0.539461
6340  0.537537
6350  0.535269
6360  0.532426
6370  0.529304
6380  0.525839
6390  0.522442
6400  0.519380
6410  0.516500
6420  0.513980
6430  0.511971
6440  0.510525
6450  0.509066
6460  0.507542
6470  0.505699
6480  0.503478
6490  0.500452
6500  0.496591
6510  0.491931
6520  0.486832
6530  0.481281
6540  0.475413
6550  0.469276
6560  0.463218
6570  0.457298
6580  0.451280
6590  0.445184
6600  0.439117
6610  0.433024
6620  0.427022
6630  0.421367
6640  0.416258
6650  0.411756
6660  0.408154
6670  0.405559
6680  0.403927
6690  0.402882
6700  0.402689
6710  0.402789
6720  0.403555
6730  0.404839
6740  0.407159
6750  0.410609
6760  0.415485
6770  0.420604
6780  0.423997
6790  0.422825
6800  0.414428
6810  0.398014
6820  0.374306
6830  0.344879
6840  0.311708
6850  0.276495
6860  0.238569
6870  0.197173
6880  0.154453
6890  0.115358
6900  0.083010
6910  0.058961
6920  0.042185
6930  0.030635
6940  0.022556
6950  0.016923
6960  0.012973
6970  0.010109
6980  0.007897
6990  0.006224
7000  0.004985
7010  0.003962
7020  0.003209
7030  0.002618
7040  0.002134
7050  0.001759
7060  0.001437
7070  0.001223
7080  0.001009
7090  0.000849
7100  0.000742
7110  0.000635
7120  0.000529
7130  0.000475
7140  0.000422
7150  0.000369
7160  0.000316
7170  0.000263
7180  0.000262
7190  0.000210
7200  0.000209
7210  0.000209
7220  0.000157
7230  0.000157
7240  0.000156
7250  0.000104
7260  0.000104
7270  0.000104
7280  0.000104
7290  0.000104
7300  0.000104
7310  0.000052
7320  0.000052
7330  0.000052
7340  0.000052
7350  0.000052
7360  0.000051
7370  0.000051
7380  0.000051
7390  0.000051
7400  0.000051
7410  0.000051
7420  0.000051
7430  0.000051
7440  0.000051
7450  0.000051
7460  0.000050
7470  0.000050
7480  0.000050
7490  0.000050
7500  0.000050
7510  0.000050
7520  0.000049
7530  -0.000000
7540  -0.000000
7550  -0.000000
7560  -0.000000
7570  -0.000000
7580  -0.000000
7590  -0.000000
7600  -0.000000
7610  -0.000000
7620  -0.000000
7630  -0.000000
7640  -0.000000
7650  -0.000000
7660  -0.000000
7670  -0.000000
7680  -0.000000
7690  -0.000000
7700  -0.000000
7710  -0.000000
7720  -0.000000
7730  -0.000000
7740  -0.000000
7750  -0.000000
7760  -0.000000
7770  -0.000000
7780  -0.000000
7790  -0.000000
7800  -0.000000
7810  -0.000000
7820  -0.000000
7830  -0.000000
7840  -0.000000
7850  -0.000000
7860  -0.000000
7870  -0.000000
7880  -0.000000
7890  -0.000000
7900  -0.000000
7910  -0.000000
7920  -0.000000
7930  -0.000000
7940  -0.000000
7950  -0.000000
7960  -0.000000
7970  -0.000000
7980  -0.000000
7990  -0.000000
8000  0.000205
8010  0.000245
8020  0.000244
8030  0.000243
8040  0.000242
8050  0.000241
8060  0.000241
8070  0.000240
8080  0.000239
8090  0.000238
8100  0.000237
8110  0.000196
8120  0.000235
8130  0.000233
8140  0.000232
8150  0.000192
8160  0.000229
8170  0.000228
8180  0.000226
8190  0.000225
8200  0.000224
8210  0.000223
8220  0.000221
8230  0.000220
8240  0.000219
8250  0.000218
8260  0.000216
8270  0.000215
8280  0.000214
8290  0.000212
8300  0.000211
8310  0.000174
8320  0.000208
8330  0.000206
8340  0.000204
8350  0.000202
8360  0.000200
8370  0.000199
8380  0.000197
8390  0.000195
8400  0.000194
8410  0.000192
8420  0.000191
8430  0.000189
8440  0.000188
8450  0.000187
8460  0.000186
8470  0.000185
8480  0.000183
8490  0.000182
8500  0.000181
8510  0.000180
8520  0.000179
8530  0.000177
8540  0.000176
8550  0.000175
8560  0.000173
8570  0.000172
8580  0.000171
8590  0.000170
8600  0.000168
8610  0.000167
8620  0.000166
8630  0.000137
8640  0.000136
8650  0.000162
8660  0.000161
8670  0.000159
8680  0.000158
8690  0.000157
8700  0.000156
8710  0.000154
8720  0.000153
8730  0.000152
8740  0.000150
8750  0.000149
8760  0.000148
8770  0.000147
8780  0.000145
8790  0.000144
8800  0.000143
8810  0.000141
8820  0.000140
8830  0.000139
8840  0.000137
8850  0.000136
8860  0.000112
8870  0.000133
8880  0.000132
8890  0.000131
8900  0.000108
8910  0.000128
8920  0.000127
8930  0.000125
8940  0.000124
8950  0.000123
8960  0.000101
8970  0.000120
8980  0.000119
8990  0.000117
9000  0.000116
9010  0.000115
9020  0.000094
9030  0.000093
9040  0.000110
9050  0.000091
9060  0.000089
9070  0.000106
9080  0.000087
9090  0.000086
9100  0.000085
9110  0.000084
9120  0.000084
9130  0.000099
9140  0.000082
9150  0.000098
9160  0.000081
9170  0.000096
9180  0.000095
9190  0.000094
9200  0.000078
9210  0.000077
9220  0.000091
9230  0.000074
9240  0.000073
9250  0.000072
9260  0.000071
9270  0.000083
9280  0.000068
9290  0.000080
9300  0.000066
9310  0.000065
9320  0.000077
9330  0.000076
9340  0.000062
9350  0.000074
9360  0.000061
9370  0.000072
9380  0.000071
9390  0.000070
9400  0.000070
9410  0.000069
9420  0.000068
9430  0.000067
9440  0.000066
9450  0.000065
9460  0.000053
9470  0.000063
9480  0.000062
9490  0.000061
9500  0.000060
9510  0.000059
9520  0.000058
9530  0.000057
9540  0.000056
9550  0.000055
9560  0.000055
9570  0.000054
9580  0.000044
9590  0.000043
9600  0.000042
9610  0.000050
9620  0.000040
9630  0.000040
9640  0.000039
9650  0.000038
9660  0.000037
9670  0.000036
9680  0.000035
9690  0.000035
9700  0.000034
9710  0.000034
9720  0.000033
9730  0.000033
9740  0.000033
9750  0.000032
9760  0.000032
9770  0.000032
9780  0.000037
9790  0.000037
9800  0.000030
9810  0.000029
9820  0.000029
9830  0.000028
9840  0.000033
9850  0.000032
9860  0.000025
9870  0.000029
9880  0.000029
9890  0.000028
9900  0.000027
9910  0.000026
9920  0.000025
9930  0.000025
9940  0.000020
9950  0.000024
9960  0.000020
9970  0.000023
9980  0.000019
9990  0.000019
